0.615447 0.435102
0.624055 0.441858
0.633455 0.447795
0.643106 0.453141
0.652684 0.458168
0.662288 0.463718
0.671884 0.469709
0.680794 0.475576
0.689858 0.48191
0.699976 0.489433
0.711859 0.498754
0.729846 0.513279
0.746768 0.527124
0.77074 0.546617
0.79314 0.564714
0.812424 0.576834
0.82585 0.578896
0.840474 0.581031
0.863269 0.584408
0.884035 0.587642
0.907351 0.59143
0.938595 0.596905
0.969657 0.602709
1.00447 0.609991
1.04569 0.619709
1.08106 0.628908
1.12098 0.64061
1.16251 0.654228
1.20126 0.668496
1.25486 0.690068
1.27912 0.693592
1.30604 0.697407
1.33949 0.702287
1.37827 0.708024
1.41914 0.71437
1.46032 0.721163
1.50248 0.728399
1.54312 0.735245
1.5905 0.743072
1.63331 0.750956
1.67477 0.757647
1.71275 0.763903
1.75651 0.771503
1.80877 0.780315
1.85409 0.787944
1.90235 0.796431
1.95168 0.805428
2.00166 0.814481
2.05211 0.822729
2.10254 0.831398
2.15032 0.839362
2.20056 0.847591
2.25373 0.85623
2.30903 0.865127
2.35337 0.872202
2.40572 0.880447
2.46053 0.888949
2.51394 0.897103
2.56539 0.904195
2.61733 0.911119
2.66954 0.918082
2.72237 0.925183
2.77169 0.931794
2.83044 0.939681
2.88581 0.947148
2.94097 0.954588
2.99638 0.961973
3.05266 0.969263
3.10414 0.97599
3.15417 0.98257
3.21512 0.990618
3.27014 0.997939
3.32543 1.0053
3.3806 1.01268
3.43652 1.02017
3.49172 1.02749
3.54091 1.03406
3.60278 1.04239
3.6544 1.0494
3.70672 1.05652
3.76764 1.06483
3.82034 1.07199
3.87396 1.07807
3.92774 1.08617
3.97953 1.09104
4.03047 1.09571
4.08397 1.1034
4.12958 1.11194
4.18206 1.12323
4.22806 1.13163
4.27517 1.14357
4.31376 1.15583
4.34887 1.16886
4.3834 1.18218
4.42043 1.19665
4.45756 1.21098
4.49335 1.22555
4.51739 1.24097
4.54376 1.25557
4.5833 1.26298
4.63396 1.27296
4.65051 1.28569
4.66474 1.29966
4.68087 1.31557
4.69834 1.33288
4.71802 1.35228
4.73981 1.37369
4.76212 1.39539
4.77653 1.41413
4.80088 1.43608
4.8296 1.45277
4.86739 1.47258
4.91244 1.49922
4.95008 1.52085
4.95811 1.53248
4.96384 1.54492
4.97052 1.55936
4.97824 1.5758
4.98731 1.59482
4.99682 1.61468
5.00836 1.63852
5.02211 1.66642
5.03612 1.69343
5.05162 1.72192
5.06359 1.74309
5.08736 1.7795
5.09575 1.80111
5.12502 1.83364
5.15054 1.86529
5.17153 1.89249
5.17441 1.90383
5.17514 1.91571
5.17587 1.92859
5.17696 1.94354
5.17857 1.96035
5.18078 1.9799
5.18334 2.00138
5.18658 2.02518
5.19062 2.0515
5.19532 2.07919
5.20087 2.108
5.20665 2.137
5.21254 2.16342
5.21984 2.19622
5.22409 2.22305
5.23831 2.25493
5.25414 2.29266
5.27079 2.33101
5.28114 2.36498
5.28606 2.39626
5.29119 2.42652
5.29669 2.4566
5.30242 2.48556
5.30815 2.51259
5.31367 2.53688
5.32016 2.56466
5.3266 2.58961
5.332 2.61255
5.33769 2.63357
5.34671 2.66314
5.35588 2.69366
5.36506 2.72469
5.37263 2.75092
5.37697 2.76669
5.38148 2.78281
5.38506 2.79551
5.38864 2.80811
5.39217 2.82044
5.39553 2.83218
5.39866 2.84306
5.40024 2.84851
5.40319 2.85876
5.40597 2.86834
5.40862 2.87753
5.41096 2.8856
5.41359 2.89464
5.4159 2.90262
5.41814 2.9103
5.42032 2.9178
5.42246 2.92518
5.42462 2.93259
5.42666 2.93961
5.42877 2.94683
5.43096 2.95436
5.43319 2.96199
5.43555 2.97008
5.43793 2.97823
5.44037 2.98658
5.44298 2.99552
5.44577 3.00506
5.45014 3.01997
5.45327 3.03064
5.45661 3.04204
5.45831 3.04784
5.46365 3.05393
5.47023 3.05628
5.4771 3.0588
5.48314 3.06109
5.48958 3.06365
5.49616 3.06637
5.50229 3.06902
5.5085 3.07182
5.51397 3.07438
5.51942 3.06947
5.52533 3.05999
5.52915 3.05021
5.53227 3.03868
5.53446 3.02773
5.53598 3.01658
5.53683 3.00547
5.53706 2.99434
5.53686 2.98261
5.53613 2.97111
5.53505 2.96063
5.53348 2.94953
5.53166 2.9395
5.52912 2.92775
5.52634 2.91676
5.52322 2.90592
5.51973 2.89515
5.5159 2.88451
5.5117 2.87384
5.50728 2.86332
5.50287 2.85337
5.49805 2.84324
5.49282 2.83281
5.48775 2.8241
5.48141 2.81375
5.47591 2.8051
5.46903 2.79484
5.46512 2.78432
5.46277 2.77348
5.46066 2.76265
5.45825 2.75145
5.45571 2.74016
5.45336 2.72972
5.45091 2.71901
5.44839 2.70814
5.4459 2.69736
5.44339 2.68634
5.44079 2.67507
5.43837 2.66457
5.43576 2.65329
5.43341 2.64299
5.43086 2.63214
5.42824 2.62076
5.42508 2.60681
5.42122 2.58972
5.41672 2.56939
5.41149 2.54509
5.40619 2.52015
5.39969 2.48936
5.39215 2.45298
5.38441 2.41564
5.3753 2.37121
5.36686 2.32987
5.35894 2.29069
5.34956 2.2445
5.34017 2.19638
5.32958 2.1423
5.31855 2.09951
5.30548 2.05417
5.29339 2.0051
5.27822 1.98217
5.262 1.95852
5.24381 1.93209
5.22418 1.90377
5.20266 1.87268
5.18027 1.84004
5.15732 1.80665
5.13344 1.78227
5.11617 1.74348
5.1096 1.73371
5.0901 1.69862
5.0713 1.66221
5.05028 1.62071
5.02911 1.57832
5.00589 1.53151
4.98773 1.51299
4.97144 1.50488
4.9514 1.49442
4.92867 1.48202
4.90305 1.46731
4.87463 1.45039
4.84451 1.43189
4.8117 1.41032
4.78153 1.38968
4.74481 1.36225
4.70905 1.33358
4.67649 1.30585
4.64439 1.27664
4.61293 1.24824
4.59005 1.23583
4.56247 1.221
4.5374 1.20713
4.5044 1.18844
4.47077 1.16852
4.43748 1.14718
4.39547 1.11982
4.36036 1.09746
4.32041 1.06923
4.28318 1.04374
4.23854 1.01057
4.19804 0.977142
4.14601 0.93366
4.09994 0.895451
4.05366 0.85818
4.01167 0.81876
3.9732 0.784175
3.93404 0.744257
3.89431 0.703979
3.85779 0.668727
3.81852 0.631701
3.77861 0.59449
3.73887 0.557738
3.69796 0.51999
3.65676 0.482037
3.61444 0.443092
3.57805 0.409003
3.53597 0.369053
3.50007 0.335015
3.45696 0.294184
3.41942 0.258689
3.37496 0.216741
3.33407 0.17826
3.29549 0.141905
3.25168 0.100137
3.2122 0.0619578
3.1731 0.0240107
3.13203 -0.0153425
3.0919 -0.0539841
3.05052 -0.0937171
3.01254 -0.130014
2.97392 -0.167098
2.92188 -0.216943
2.88978 -0.248986
2.84861 -0.29
2.80239 -0.335896
2.76395 -0.373854
2.72697 -0.410059
2.69344 -0.442662
2.64627 -0.487476
2.61033 -0.517566
2.57019 -0.549721
2.53406 -0.578456
2.4943 -0.610456
2.4549 -0.64136
2.41323 -0.674855
2.37422 -0.707173
2.33609 -0.737902
2.29622 -0.771023
2.25677 -0.803035
2.21805 -0.834137
2.17958 -0.864563
2.13949 -0.896206
2.10239 -0.925381
2.06576 -0.954417
2.02574 -0.986233
1.98842 -1.01588
1.95205 -1.04483
1.91544 -1.07402
1.86975 -1.1105
1.82875 -1.1433
1.7899 -1.17494
1.75551 -1.20805
1.72012 -1.23463
1.68066 -1.26828
1.64825 -1.299
1.61993 -1.33045
1.60327 -1.35568
1.57226 -1.39121
1.5493 -1.42041
1.53603 -1.44389
1.52409 -1.46777
1.51288 -1.49097
1.5 -1.51806
1.48657 -1.54613
1.47263 -1.57524
1.45837 -1.60491
1.44108 -1.64011
1.42284 -1.67584
1.41217 -1.70361
1.39716 -1.73799
1.38393 -1.76469
1.36526 -1.79376
1.33829 -1.82619
1.32048 -1.85427
1.3142 -1.87636
1.30761 -1.89914
1.29988 -1.92562
1.29144 -1.95315
1.28216 -1.9825
1.27207 -2.01311
1.26102 -2.04541
1.2507 -2.07575
1.23552 -2.11258
1.22249 -2.1475
1.2123 -2.17775
1.20486 -2.20073
1.1958 -2.22811
1.18691 -2.25461
1.17756 -2.28265
1.16795 -2.31109
1.15838 -2.33915
1.14751 -2.37022
1.13663 -2.40076
1.12587 -2.43008
1.11422 -2.46096
1.1027 -2.49053
1.09016 -2.52285
1.0773 -2.5541
1.06447 -2.58657
1.05432 -2.61279
1.04444 -2.63847
1.03307 -2.66773
1.02281 -2.69393
1.01294 -2.71897
1.00337 -2.74314
0.99418 -2.76628
0.985364 -2.78845
0.976882 -2.80976
0.968474 -2.83082
0.959532 -2.85317
0.951377 -2.8735
0.942733 -2.89502
0.936312 -2.91103
0.929681 -2.92757
0.921232 -2.94859
0.915307 -2.96336
0.91051 -2.97531
0.905802 -2.98703
0.901432 -2.9979
0.897346 -3.00827
0.894004 -3.01666
0.891612 -3.02262
0.888026 -3.03152
0.884656 -3.03988
0.881473 -3.04778
0.878482 -3.0552
0.875655 -3.06222
0.873084 -3.06881
0.870541 -3.07528
0.867987 -3.08165
0.865393 -3.08811
0.862813 -3.09469
0.860279 -3.10102
0.857708 -3.10737
0.855163 -3.11383
0.852592 -3.1203
0.850036 -3.12663
0.847468 -3.13302
0.844929 -3.13949
0.842339 -3.14594
0.83972 -3.15241
0.837356 -3.15842
0.834674 -3.16516
0.832055 -3.17164
0.82947 -3.17809
0.82696 -3.18448
0.824391 -3.19087
0.821549 -3.19788
0.819019 -3.20429
0.816086 -3.21166
0.812978 -3.21937
0.809901 -3.22702
0.807293 -3.23371
0.803896 -3.23908
0.796183 -3.24363
0.789312 -3.24421
0.782475 -3.24479
0.775589 -3.24539
0.774419 -3.23948
0.776422 -3.23584
0.780999 -3.22603
0.785273 -3.21698
0.790407 -3.20656
0.795299 -3.19691
0.800442 -3.18778
0.805827 -3.17841
0.811388 -3.16947
0.817294 -3.16031
0.823366 -3.15145
0.828997 -3.14356
0.835854 -3.13423
0.842432 -3.12589
0.84937 -3.11709
0.855649 -3.10962
0.863187 -3.10125
0.87042 -3.09312
0.877123 -3.08432
0.882603 -3.07548
0.887551 -3.066
0.892106 -3.05628
0.896089 -3.04736
0.900896 -3.03649
0.90473 -3.02641
0.908361 -3.01653
0.911387 -3.00756
0.914867 -2.99653
0.91794 -2.98622
0.92097 -2.97597
0.923949 -2.96558
0.927008 -2.95486
0.929711 -2.94528
0.932642 -2.93506
0.935526 -2.92477
0.938085 -2.91548
0.94114 -2.90408
0.943982 -2.89385
0.946876 -2.88349
0.949751 -2.87325
0.952515 -2.86302
0.95546 -2.8526
0.958304 -2.84238
0.961213 -2.83215
0.964157 -2.82172
0.967012 -2.8117
0.969912 -2.80142
0.972838 -2.79104
0.976156 -2.77947
0.979238 -2.76881
0.983705 -2.75364
0.988999 -2.73555
0.995534 -2.71378
1.00189 -2.69274
1.01078 -2.66373
1.02001 -2.63388
1.03012 -2.60112
1.04005 -2.5694
1.05172 -2.53224
1.06533 -2.48926
1.0786 -2.44742
1.09205 -2.40495
1.10635 -2.36031
1.11939 -2.3164
1.13397 -2.26911
1.14713 -2.21974
1.16092 -2.17341
1.17698 -2.13028
1.1995 -2.07353
1.22173 -2.01988
1.24151 -1.97863
1.26217 -1.94446
1.2844 -1.89809
1.30563 -1.86145
1.32646 -1.8341
1.35245 -1.80424
1.37205 -1.78226
1.39624 -1.75532
1.42191 -1.72659
1.44852 -1.69645
1.47631 -1.66421
1.50602 -1.63397
1.52756 -1.60586
1.55065 -1.55401
1.56709 -1.51647
1.57722 -1.51106
1.59857 -1.50059
1.61637 -1.49196
1.63721 -1.4818
1.66054 -1.47029
1.68889 -1.45579
1.71581 -1.44124
1.74364 -1.42525
1.77503 -1.40571
1.80665 -1.38428
1.83626 -1.36252
1.87217 -1.33422
1.90689 -1.30461
1.93598 -1.27856
1.95611 -1.26889
1.97288 -1.26733
1.98974 -1.26578
2.01082 -1.26372
2.03606 -1.26115
2.06299 -1.25804
2.08996 -1.2546
2.12593 -1.24936
2.15927 -1.24479
2.1926 -1.23351
2.23996 -1.22248
2.26599 -1.2213
2.30353 -1.20558
2.35335 -1.18319
2.37581 -1.17994
2.39744 -1.1814
2.42074 -1.18297
2.4474 -1.18471
2.47675 -1.18632
2.50571 -1.18769
2.54382 -1.18888
2.58024 -1.19029
2.62491 -1.18845
2.66032 -1.19063
2.70226 -1.18306
2.75197 -1.17223
2.7759 -1.17353
2.79356 -1.17926
2.8126 -1.18541
2.83669 -1.19309
2.86116 -1.20069
2.89057 -1.2095
2.92066 -1.21804
2.95515 -1.2273
2.99007 -1.23588
3.0284 -1.24429
3.06914 -1.25195
3.10364 -1.26035
3.131 -1.27064
3.17541 -1.27482
3.20544 -1.27916
3.22954 -1.28856
3.25623 -1.29878
3.28327 -1.30866
3.31446 -1.31952
3.34271 -1.32894
3.37848 -1.34018
3.4148 -1.35087
3.44956 -1.35992
3.48748 -1.36933
3.52794 -1.37919
3.56294 -1.38762
3.6042 -1.39754
3.64371 -1.40701
3.68316 -1.41693
3.71512 -1.42555
3.74765 -1.43462
3.78449 -1.44404
3.82355 -1.45406
3.86282 -1.46421
3.89859 -1.47395
3.92872 -1.48229
3.95706 -1.49031
3.99194 -1.5001
4.02362 -1.50914
4.05469 -1.51794
4.08712 -1.5272
4.1182 -1.53597
4.1514 -1.54541
4.18122 -1.5538
4.21919 -1.56455
4.25198 -1.57373
4.29086 -1.58464
4.31852 -1.59251
4.34418 -1.59956
4.36863 -1.6064
4.39358 -1.61337
4.41496 -1.61929
4.43767 -1.62562
4.45549 -1.63057
4.4777 -1.63675
4.4982 -1.64226
4.51642 -1.64739
4.53644 -1.65278
4.55554 -1.65817
4.5764 -1.66376
4.59818 -1.66992
4.61671 -1.67487
4.64167 -1.68182
4.66307 -1.68758
4.67022 -1.6887
4.69298 -1.69321
4.69884 -1.69434
4.70716 -1.69499
4.71359 -1.69554
4.72038 -1.69606
4.72723 -1.69664
4.73418 -1.69717
4.74096 -1.69777
4.74776 -1.6983
4.7546 -1.69891
4.76158 -1.69947
4.76821 -1.70006
4.7751 -1.70062
4.78189 -1.70125
4.78874 -1.70182
4.79559 -1.70247
4.80259 -1.70307
4.80907 -1.7037
4.81614 -1.70432
4.82269 -1.70497
4.82964 -1.7056
4.8364 -1.70628
4.84316 -1.70691
4.84998 -1.70762
4.85721 -1.70832
4.86367 -1.70902
4.87065 -1.70971
4.87737 -1.71045
4.88427 -1.71115
4.89082 -1.71189
4.89205 -1.71205
