0.768436 0.806794
0.779442 0.804274
0.791066 0.801598
0.802715 0.798968
0.813627 0.796914
0.825124 0.795145
0.836615 0.793667
0.847719 0.79238
0.859717 0.791097
0.870769 0.790108
0.882199 0.789144
0.893595 0.788186
0.904762 0.787204
0.910505 0.786668
0.927523 0.78517
0.938867 0.784136
0.949648 0.783152
0.9613 0.782083
0.972491 0.781075
0.983807 0.78005
0.994845 0.779034
1.00641 0.777968
1.02088 0.7768
1.02892 0.776143
1.05849 0.773675
1.08336 0.772017
1.11084 0.770173
1.14244 0.768092
1.17764 0.766051
1.21534 0.764098
1.25707 0.762117
1.30162 0.760239
1.34794 0.758562
1.3987 0.756991
1.45048 0.755653
1.50645 0.755307
1.5644 0.75546
1.62249 0.756111
1.6522 0.756623
1.74196 0.75887
1.8021 0.761247
1.85688 0.76459
1.91319 0.768125
1.96819 0.771511
2.023 0.775558
2.07657 0.780082
2.13051 0.785105
2.1829 0.790386
2.23649 0.796432
2.2871 0.803051
2.33731 0.808894
2.39024 0.815153
2.44173 0.821539
2.49459 0.828284
2.54611 0.835016
2.59857 0.841977
2.6525 0.849179
2.7058 0.856223
2.76075 0.863554
2.81201 0.871097
2.8632 0.878598
2.91687 0.886397
2.96928 0.893891
3.0217 0.901245
3.07687 0.908866
3.13173 0.916308
3.18525 0.923476
3.24028 0.930888
3.29206 0.937768
3.34865 0.945089
3.40355 0.952065
3.45788 0.958825
3.51564 0.96584
3.56987 0.972329
3.62692 0.979087
3.68163 0.9853
3.73842 0.991722
3.79256 0.997803
3.84704 1.0038
3.90232 1.00982
3.95573 1.0156
4.01063 1.02209
4.03154 1.02684
4.09733 1.04261
4.14029 1.05304
4.18457 1.064
4.22969 1.07521
4.27415 1.08621
4.29641 1.09169
4.35251 1.11033
4.39356 1.11977
4.4444 1.13187
4.49248 1.14341
4.51244 1.14885
4.53388 1.16792
4.54989 1.18246
4.56862 1.19875
4.59036 1.21697
4.61365 1.236
4.63888 1.25587
4.66008 1.2749
4.69966 1.30448
4.72712 1.32907
4.75716 1.34711
4.80145 1.36962
4.84521 1.39146
4.87419 1.40812
4.88142 1.41955
4.88592 1.427
4.90012 1.45011
4.91206 1.46905
4.92519 1.48953
4.94031 1.51233
4.94805 1.52378
4.97353 1.56104
4.99034 1.58485
5.01659 1.61899
5.02853 1.642
5.06093 1.66988
5.09181 1.70036
5.11707 1.72673
5.13634 1.74826
5.13742 1.75744
5.13837 1.76908
5.13947 1.78229
5.14135 1.79797
5.14397 1.81575
5.14721 1.83518
5.15138 1.85791
5.15627 1.88255
5.16231 1.91008
5.16933 1.93857
5.17732 1.96798
5.1819 1.98383
5.19095 2.0248
5.19919 2.05656
5.20355 2.07724
5.2172 2.10573
5.23425 2.13983
5.25474 2.17822
5.26013 2.19796
5.26165 2.21484
5.26335 2.23367
5.26535 2.25419
5.26765 2.27539
5.27046 2.29826
5.27359 2.32177
5.27793 2.35126
5.2806 2.36732
5.28905 2.41498
5.2954 2.44732
5.30147 2.47679
5.30661 2.50477
5.31423 2.53397
5.3235 2.5629
5.33246 2.59085
5.3402 2.6177
5.34483 2.63989
5.34931 2.66088
5.35369 2.68065
5.35811 2.69998
5.3625 2.71847
5.36667 2.73541
5.37082 2.75162
5.37503 2.76736
5.37911 2.78216
5.38318 2.79652
5.38717 2.81042
5.39107 2.82391
5.39535 2.83864
5.39891 2.85087
5.40328 2.86582
5.40508 2.87196
5.40774 2.88106
5.41409 2.90271
5.4206 2.92489
5.42641 2.94465
5.42837 2.9513
5.43033 2.95796
5.43227 2.96454
5.43424 2.97123
5.43617 2.97779
5.43816 2.98453
5.4401 2.99109
5.44204 2.99767
5.44402 3.00439
5.44596 3.01094
5.44793 3.01761
5.44988 3.02421
5.4538 3.03746
5.45578 3.04416
5.45772 3.0507
5.45967 3.05731
5.46163 3.06391
5.46362 3.07063
5.46563 3.07743
5.46753 3.08385
5.46949 3.09045
5.47147 3.09713
5.47342 3.10372
5.47538 3.11031
5.47735 3.11693
5.47936 3.12372
5.48327 3.13689
5.48063 3.12954
5.47681 3.11873
5.47301 3.10794
5.4693 3.09735
5.46538 3.08611
5.46159 3.07576
5.4576 3.0654
5.45333 3.05497
5.44888 3.04439
5.44661 3.03932
5.43975 3.02431
5.43483 3.01393
5.42975 3.00364
5.42483 2.99381
5.41957 2.98364
5.41423 2.97354
5.40896 2.96377
5.40341 2.95376
5.39774 2.94361
5.39236 2.9342
5.38647 2.92428
5.38058 2.91478
5.37455 2.90511
5.36851 2.89559
5.36233 2.88602
5.3563 2.87676
5.35006 2.86726
5.34409 2.85751
5.33897 2.84756
5.335 2.83726
5.33354 2.82571
5.33349 2.81485
5.3337 2.80378
5.33354 2.79267
5.33312 2.78137
5.33263 2.77019
5.3321 2.75893
5.33148 2.74743
5.3309 2.73691
5.33027 2.72548
5.32965 2.71443
5.329 2.7033
5.3283 2.69225
5.32751 2.67962
5.32646 2.66334
5.3252 2.6442
5.32369 2.62115
5.32192 2.59545
5.31975 2.56528
5.31719 2.53199
5.31418 2.49512
5.3108 2.45683
5.3068 2.41409
5.30236 2.36984
5.29761 2.32398
5.29242 2.2759
5.28636 2.22731
5.28107 2.17434
5.27795 2.11296
5.26823 2.06199
5.25482 2.02778
5.23973 1.99872
5.22422 1.97023
5.20801 1.94087
5.18939 1.90693
5.17047 1.87412
5.15212 1.85136
5.13123 1.80929
5.1175 1.77796
5.1034 1.72613
5.08803 1.69152
5.07275 1.67849
5.05542 1.66393
5.03429 1.64605
5.01111 1.62598
4.98585 1.60366
4.95755 1.57777
4.92957 1.55229
4.90275 1.51971
4.86834 1.48011
4.8429 1.4605
4.82623 1.451
4.799 1.41054
4.77475 1.38351
4.75562 1.37431
4.73368 1.36372
4.7073 1.35066
4.67807 1.33577
4.64658 1.31919
4.612 1.30016
4.57896 1.2829
4.5338 1.24872
4.49424 1.22569
4.46612 1.21148
4.4407 1.19812
4.41231 1.18144
4.37808 1.15947
4.34161 1.13498
4.30189 1.10684
4.25959 1.07553
4.2162 1.04292
4.17134 1.00595
4.12684 0.970549
4.08228 0.932333
4.04097 0.893492
4.00124 0.855971
3.96243 0.818214
3.94156 0.797726
3.88653 0.742483
3.85097 0.710377
3.82192 0.685843
3.77508 0.646276
3.7285 0.606911
3.68395 0.569074
3.63971 0.52998
3.59974 0.492818
3.56083 0.456276
3.52257 0.420036
3.48535 0.384457
3.46609 0.365937
3.42763 0.328959
3.37043 0.273609
3.33259 0.236799
3.29573 0.200348
3.25783 0.16235
3.22195 0.126023
3.18353 0.0874357
3.14743 0.0509422
3.10747 0.0110508
3.06846 -0.0279298
3.02931 -0.067223
2.98921 -0.107829
2.9519 -0.14589
2.9109 -0.186641
2.86989 -0.226977
2.82918 -0.266979
2.78675 -0.308507
2.76589 -0.328862
2.71263 -0.383791
2.67167 -0.424364
2.63516 -0.455192
2.60146 -0.480011
2.56389 -0.506911
2.52548 -0.535056
2.48629 -0.563377
2.4465 -0.592015
2.40808 -0.618188
2.36831 -0.648252
2.33096 -0.677772
2.29305 -0.706756
2.25552 -0.735214
2.21806 -0.763153
2.19929 -0.777227
2.14132 -0.821222
2.10124 -0.852049
2.06108 -0.883071
2.01978 -0.91521
1.97628 -0.949123
1.93886 -0.977736
1.89897 -1.00851
1.85806 -1.04027
1.81827 -1.07114
1.77805 -1.10232
1.73704 -1.1343
1.6967 -1.16714
1.66808 -1.19663
1.64097 -1.22524
1.61316 -1.25556
1.58564 -1.28639
1.55771 -1.31794
1.52959 -1.34978
1.50684 -1.38016
1.47719 -1.41293
1.44897 -1.44856
1.44023 -1.46274
1.42509 -1.49505
1.41692 -1.51583
1.40872 -1.53815
1.39986 -1.56244
1.38975 -1.59029
1.37968 -1.61768
1.36842 -1.64821
1.35564 -1.68097
1.34183 -1.7145
1.32803 -1.74781
1.31987 -1.77583
1.30081 -1.81371
1.28944 -1.8395
1.26499 -1.86923
1.23725 -1.90596
1.23278 -1.9255
1.22788 -1.94765
1.22212 -1.97307
1.21617 -1.99886
1.20916 -2.0274
1.20125 -2.05796
1.19293 -2.0879
1.18848 -2.10343
1.17428 -2.15155
1.16168 -2.18557
1.14882 -2.22317
1.14016 -2.25268
1.1331 -2.27771
1.12561 -2.303
1.11819 -2.32794
1.11013 -2.35506
1.1017 -2.38313
1.09315 -2.41108
1.0842 -2.43956
1.07497 -2.46819
1.06548 -2.49677
1.05456 -2.52872
1.0434 -2.56089
1.03333 -2.58975
1.02295 -2.61955
1.01339 -2.64717
1.00317 -2.67606
0.993637 -2.70315
0.984856 -2.7281
0.976255 -2.75251
0.967197 -2.7782
0.957989 -2.80432
0.948466 -2.83133
0.938303 -2.86016
0.928175 -2.88893
0.917889 -2.91816
0.909059 -2.94324
0.904162 -2.95714
0.899871 -2.96974
0.895642 -2.98193
0.891647 -2.99329
0.887888 -3.00423
0.886137 -3.00926
0.881068 -3.02377
0.87798 -3.03268
0.875106 -3.04098
0.872289 -3.04896
0.869662 -3.05635
0.867218 -3.06322
0.864854 -3.06995
0.86262 -3.07646
0.86035 -3.08292
0.858034 -3.08953
0.855808 -3.09597
0.853393 -3.10283
0.851176 -3.10914
0.848933 -3.11562
0.84662 -3.12219
0.844327 -3.12871
0.842063 -3.13525
0.839732 -3.14188
0.837427 -3.14842
0.835183 -3.15491
0.832844 -3.16156
0.830274 -3.169
0.827757 -3.17617
0.824954 -3.18407
0.822131 -3.19225
0.819748 -3.19905
0.817317 -3.20587
0.81511 -3.21229
0.812662 -3.21929
0.807861 -3.23257
0.805461 -3.23926
0.803103 -3.24583
0.800809 -3.25223
0.798435 -3.25885
0.796096 -3.26537
0.793768 -3.27186
0.791228 -3.2783
0.788355 -3.28463
0.785256 -3.29145
0.778352 -3.29757
0.772114 -3.3008
0.769991 -3.3019
0.772949 -3.29598
0.777708 -3.28503
0.781849 -3.2737
0.785385 -3.26258
0.78707 -3.25673
0.791536 -3.23998
0.794485 -3.22855
0.79734 -3.21713
0.800106 -3.20577
0.802854 -3.19449
0.805435 -3.18346
0.806809 -3.17756
0.810647 -3.16066
0.813225 -3.14926
0.814499 -3.14376
0.818245 -3.127
0.820973 -3.11492
0.824335 -3.10024
0.82834 -3.08297
0.833328 -3.06176
0.838938 -3.03806
0.845657 -3.01015
0.853324 -2.97885
0.86152 -2.94546
0.870682 -2.90842
0.880436 -2.86916
0.891037 -2.8266
0.90193 -2.78313
0.913041 -2.73865
0.919211 -2.71414
0.937207 -2.64254
0.950338 -2.59044
0.962995 -2.54006
0.975707 -2.48945
0.988827 -2.43692
1.00179 -2.38544
1.01573 -2.33095
1.03156 -2.27469
1.04442 -2.222
1.06178 -2.1685
1.07962 -2.11651
1.09757 -2.06873
1.11555 -2.02207
1.13503 -1.98161
1.14495 -1.95538
1.17679 -1.8837
1.19521 -1.85352
1.21354 -1.82837
1.23279 -1.80459
1.24268 -1.79277
1.27423 -1.75566
1.2979 -1.72805
1.32268 -1.69913
1.34945 -1.66799
1.37665 -1.63619
1.40163 -1.61424
1.42608 -1.57804
1.44978 -1.52662
1.4669 -1.49709
1.47989 -1.49103
1.49369 -1.48486
1.51106 -1.4771
1.53045 -1.46844
1.55198 -1.45884
1.57797 -1.44702
1.60563 -1.43423
1.63517 -1.41982
1.66634 -1.40348
1.69888 -1.38503
1.73327 -1.36379
1.76656 -1.3411
1.80092 -1.31603
1.83477 -1.28946
1.85106 -1.28525
1.86738 -1.2833
1.88762 -1.28083
1.91039 -1.27807
1.93685 -1.27471
1.96541 -1.27087
1.9969 -1.26632
2.03128 -1.26093
2.06762 -1.25413
2.10009 -1.25039
2.13886 -1.23849
2.18048 -1.22646
2.21161 -1.22412
2.24186 -1.22059
2.28337 -1.20156
2.30833 -1.20122
2.33202 -1.20237
2.35973 -1.20384
2.38857 -1.20523
2.4233 -1.20647
2.45892 -1.20722
2.49722 -1.20736
2.52779 -1.2107
2.56548 -1.21129
2.59634 -1.20863
2.63529 -1.1986
2.68177 -1.1872
2.72106 -1.1804
2.74011 -1.18564
2.76267 -1.19186
2.78742 -1.19871
2.81544 -1.2064
2.84544 -1.21411
2.87772 -1.22206
2.91287 -1.22969
2.95003 -1.23668
2.99118 -1.24294
3.0246 -1.25048
3.04877 -1.25951
3.09402 -1.26153
3.12363 -1.26545
3.14654 -1.27443
3.1703 -1.28385
3.19748 -1.2945
3.22618 -1.30562
3.25811 -1.31702
3.29043 -1.32768
3.32711 -1.33899
3.36278 -1.34913
3.39899 -1.35887
3.43752 -1.3682
3.4751 -1.37698
3.51418 -1.38647
3.54439 -1.39482
3.5845 -1.40423
3.62249 -1.41327
3.65352 -1.42197
3.68624 -1.43089
3.71906 -1.43978
3.75255 -1.44884
3.78612 -1.45794
3.82039 -1.46725
3.85414 -1.47645
3.8889 -1.48595
3.92505 -1.49587
3.96105 -1.50573
3.99956 -1.51633
4.03818 -1.52693
4.07245 -1.53642
4.10284 -1.54508
4.13482 -1.55401
4.16607 -1.56283
4.19712 -1.57141
4.22723 -1.57987
4.25694 -1.58803
4.28582 -1.59607
4.31607 -1.60435
4.34602 -1.6127
4.37748 -1.62128
4.40846 -1.6299
4.43935 -1.63838
4.46613 -1.64539
4.48509 -1.65089
4.50296 -1.65568
4.5211 -1.66087
4.53707 -1.66514
4.55346 -1.66989
4.56898 -1.674
4.58301 -1.67811
4.59692 -1.6818
4.60954 -1.68542
4.6217 -1.6887
4.63408 -1.69225
4.64604 -1.69541
4.6583 -1.69892
4.67149 -1.70239
4.68302 -1.70577
4.69708 -1.70949
4.71122 -1.71357
4.72579 -1.71748
4.74002 -1.72124
4.76019 -1.72373
4.77385 -1.72373
4.78045 -1.72374
4.78762 -1.72374
4.79415 -1.72375
4.80129 -1.72377
4.80823 -1.72378
4.81497 -1.7238
4.82159 -1.72383
4.82867 -1.72386
4.84239 -1.72393
4.84898 -1.72398
4.85586 -1.72403
4.86268 -1.72409
4.86964 -1.72416
4.87643 -1.72424
4.88326 -1.72432
4.89018 -1.72442
4.89276 -1.72446
