0.434675 0.570359
0.445797 0.572066
0.456518 0.573688
0.467737 0.5754
0.478696 0.577021
0.489594 0.578915
0.500441 0.580944
0.511464 0.58308
0.522471 0.585209
0.533128 0.587277
0.543794 0.589912
0.55474 0.592971
0.566033 0.596253
0.575919 0.599244
0.586352 0.602823
0.597941 0.606945
0.612238 0.612247
0.63133 0.61973
0.653614 0.628802
0.669898 0.631226
0.687984 0.632486
0.709239 0.634209
0.73322 0.636141
0.761498 0.638677
0.793157 0.641774
0.828026 0.645503
0.864266 0.649755
0.903264 0.654882
0.944062 0.660937
0.986416 0.668107
1.03214 0.677206
1.07718 0.687436
1.1262 0.696852
1.15855 0.700477
1.20087 0.705291
1.24594 0.710723
1.29099 0.716425
1.33961 0.722938
1.38905 0.729732
1.44104 0.738382
1.48937 0.745719
1.53838 0.752529
1.58826 0.759293
1.63951 0.766348
1.69107 0.773588
1.74313 0.780973
1.79642 0.788541
1.85392 0.796532
1.90513 0.803602
1.96103 0.811406
2.01503 0.818765
2.06968 0.826134
2.12519 0.833523
2.18026 0.840761
2.23498 0.847425
2.28903 0.853973
2.34374 0.86057
2.39996 0.867349
2.45478 0.873951
2.50962 0.88056
2.56762 0.887566
2.62415 0.894393
2.68028 0.900964
2.735 0.90739
2.79121 0.91402
2.8481 0.920711
2.90397 0.92726
2.96084 0.933898
3.01722 0.940451
3.07382 0.947016
3.1291 0.953245
3.18498 0.95946
3.24316 0.965983
3.29616 0.971855
3.35327 0.978168
3.40739 0.984135
3.4663 0.990633
3.52001 0.996557
3.57648 1.00268
3.62919 1.00835
3.68483 1.01427
3.73817 1.02002
3.79261 1.02594
3.84839 1.03199
3.90098 1.037
3.95311 1.04328
4.00238 1.04715
4.05296 1.0512
4.10395 1.05879
4.15415 1.06558
4.20507 1.07304
4.24601 1.08308
4.29096 1.09254
4.31375 1.1045
4.33741 1.11769
4.36404 1.13269
4.39167 1.14836
4.42058 1.16468
4.45099 1.1818
4.4829 1.20053
4.50434 1.21755
4.53693 1.23693
4.57026 1.24973
4.61438 1.26576
4.66254 1.28317
4.70902 1.29921
4.71961 1.31113
4.73184 1.32511
4.74561 1.34084
4.76197 1.35918
4.77952 1.37854
4.79969 1.40026
4.82092 1.42336
4.84296 1.44503
4.87423 1.47468
4.89151 1.49611
4.9321 1.51927
4.97178 1.5453
5.0088 1.56975
5.0142 1.58011
5.01782 1.59103
5.02222 1.60404
5.02757 1.61922
5.03384 1.63664
5.04123 1.6569
5.04948 1.67928
5.05962 1.70579
5.07025 1.73224
5.08191 1.76002
5.09557 1.79054
5.10629 1.81503
5.12414 1.84907
5.13245 1.87456
5.15817 1.90786
5.1822 1.94221
5.20263 1.97235
5.20453 1.98425
5.20533 1.99683
5.20623 2.01191
5.20742 2.0281
5.20906 2.04706
5.21113 2.06814
5.2137 2.09111
5.2167 2.1154
5.22032 2.14088
5.22442 2.16796
5.22906 2.19523
5.2343 2.22564
5.23999 2.25103
5.24637 2.28429
5.25198 2.31045
5.26611 2.34616
5.27909 2.38042
5.29258 2.41504
5.30153 2.44794
5.30627 2.47626
5.31118 2.50432
5.31627 2.53113
5.32158 2.55743
5.327 2.58268
5.33206 2.60472
5.33762 2.62784
5.34301 2.64959
5.34902 2.67255
5.35393 2.69193
5.36056 2.71572
5.36911 2.74455
5.37761 2.7735
5.38409 2.79614
5.38767 2.80915
5.391 2.82105
5.39449 2.83337
5.39742 2.84366
5.40041 2.85413
5.40185 2.85915
5.40451 2.86838
5.40706 2.87724
5.40961 2.88611
5.41177 2.89359
5.41408 2.90159
5.41605 2.9084
5.41804 2.91527
5.42004 2.92216
5.42191 2.92863
5.42379 2.93514
5.42577 2.94197
5.42767 2.94853
5.42956 2.95505
5.4315 2.96172
5.43345 2.96846
5.43535 2.975
5.43727 2.98161
5.43919 2.98821
5.44116 2.99503
5.44306 3.00156
5.44497 3.00813
5.44698 3.01505
5.44885 3.02148
5.45078 3.0281
5.45277 3.03497
5.45488 3.0422
5.45711 3.04988
5.45943 3.05787
5.46204 3.0668
5.46979 3.06699
5.47625 3.0642
5.48257 3.0623
5.48985 3.06502
5.49635 3.06256
5.50278 3.06028
5.50931 3.05812
5.51588 3.05608
5.52261 3.05417
5.52792 3.05276
5.53289 3.04746
5.53715 3.03671
5.53836 3.02619
5.53786 3.01492
5.5363 3.00386
5.53394 2.99291
5.53086 2.98216
5.52713 2.97147
5.52306 2.96115
5.51851 2.95059
5.51392 2.94061
5.50883 2.9302
5.50375 2.92029
5.49852 2.91037
5.49293 2.90018
5.48743 2.89053
5.48184 2.88101
5.4757 2.87092
5.46984 2.8615
5.4638 2.85198
5.45758 2.84243
5.4514 2.83321
5.44478 2.82361
5.43821 2.81423
5.43182 2.80521
5.42528 2.79613
5.41841 2.78667
5.4121 2.77734
5.40667 2.76787
5.40267 2.75745
5.40089 2.7462
5.39943 2.73485
5.39773 2.72393
5.39565 2.71293
5.39358 2.70238
5.39134 2.69133
5.38915 2.68009
5.38703 2.66951
5.38484 2.65845
5.38265 2.64722
5.38053 2.63628
5.37837 2.62545
5.37618 2.6145
5.37385 2.60265
5.371 2.58777
5.3674 2.5691
5.3634 2.54804
5.35892 2.52389
5.35353 2.49447
5.34795 2.46368
5.34142 2.42759
5.33452 2.38994
5.3273 2.35047
5.31928 2.30654
5.31145 2.26357
5.30258 2.21614
5.29329 2.16662
5.28226 2.12086
5.27654 2.05859
5.26376 2.00975
5.24758 1.97515
5.23133 1.94929
5.21448 1.92438
5.19561 1.8968
5.17622 1.86851
5.15402 1.8362
5.13261 1.80723
5.11153 1.7797
5.09926 1.7464
5.08112 1.71113
5.06196 1.66967
5.04137 1.62442
5.02007 1.57745
4.99791 1.52823
4.9825 1.52002
4.96517 1.51086
4.9452 1.49994
4.92098 1.48579
4.89689 1.47121
4.86875 1.45355
4.83939 1.43431
4.80695 1.41195
4.77185 1.38617
4.73859 1.36023
4.70367 1.33134
4.66969 1.30064
4.63559 1.26779
4.60925 1.24646
4.58912 1.23722
4.56604 1.2266
4.53943 1.21359
4.50973 1.19872
4.47705 1.18116
4.44171 1.16046
4.40367 1.13625
4.36444 1.11025
4.32531 1.08387
4.28368 1.05232
4.24152 1.02108
4.19894 0.987424
4.15293 0.948157
4.10739 0.908465
4.06492 0.871889
4.01776 0.831397
3.97815 0.791951
3.93543 0.754726
3.89441 0.712935
3.85798 0.677208
3.81802 0.639202
3.77947 0.603139
3.73928 0.565713
3.69709 0.526589
3.65565 0.488257
3.61377 0.449548
3.57325 0.411668
3.53517 0.375319
3.49561 0.337784
3.45601 0.30031
3.4148 0.261344
3.37435 0.223068
3.33436 0.185197
3.29224 0.145333
3.2499 0.105254
3.20915 0.0659678
3.1699 0.028214
3.12942 -0.010801
3.08877 -0.0498521
3.04672 -0.0903832
3.00711 -0.128661
2.96582 -0.16888
2.92641 -0.20729
2.88673 -0.245942
2.83888 -0.292049
2.80473 -0.325154
2.76313 -0.36513
2.72401 -0.403908
2.68503 -0.442708
2.65025 -0.477017
2.60672 -0.51957
2.56943 -0.547428
2.53309 -0.573579
2.49666 -0.599884
2.4584 -0.628133
2.41945 -0.657474
2.3804 -0.688124
2.34121 -0.719049
2.30416 -0.747405
2.26423 -0.779014
2.22533 -0.808966
2.18704 -0.838062
2.148 -0.867173
2.11083 -0.894804
2.07236 -0.923547
2.0328 -0.953119
1.99666 -0.980196
1.95764 -1.00954
1.91866 -1.0388
1.87939 -1.06827
1.83763 -1.09974
1.79838 -1.12934
1.75803 -1.15909
1.72379 -1.19008
1.68626 -1.21656
1.65015 -1.24365
1.61532 -1.27446
1.58244 -1.30469
1.55862 -1.33324
1.53256 -1.36435
1.50562 -1.39517
1.48734 -1.42119
1.47648 -1.44212
1.46619 -1.46446
1.45505 -1.48923
1.44484 -1.51207
1.43237 -1.5399
1.41924 -1.56916
1.40518 -1.60039
1.38995 -1.63353
1.37732 -1.6637
1.35366 -1.69745
1.33526 -1.73341
1.32708 -1.75613
1.30377 -1.78548
1.27318 -1.82203
1.26101 -1.8462
1.25633 -1.86605
1.25113 -1.88815
1.2447 -1.91507
1.239 -1.93902
1.23209 -1.9667
1.22456 -1.99638
1.21584 -2.02845
1.20676 -2.05974
1.19912 -2.09052
1.18963 -2.12204
1.17822 -2.15483
1.17031 -2.1804
1.15644 -2.21338
1.14954 -2.23862
1.14219 -2.26571
1.13429 -2.29421
1.12583 -2.32389
1.11727 -2.35304
1.10813 -2.38314
1.09858 -2.41319
1.08858 -2.44354
1.07796 -2.4744
1.06692 -2.50592
1.05577 -2.53839
1.04539 -2.5683
1.03436 -2.5994
1.02421 -2.62842
1.01436 -2.65654
1.00439 -2.68504
0.994326 -2.71382
0.983813 -2.74392
0.973104 -2.7746
0.962391 -2.80529
0.95274 -2.83317
0.942844 -2.86194
0.936466 -2.88041
0.930557 -2.89738
0.924795 -2.91389
0.919592 -2.92879
0.914522 -2.94351
0.909799 -2.95735
0.90544 -2.97007
0.901142 -2.98243
0.897136 -2.99387
0.893432 -3.00443
0.891552 -3.00979
0.888262 -3.01945
0.885002 -3.02886
0.881935 -3.03764
0.879182 -3.04569
0.876421 -3.05365
0.873658 -3.06154
0.87063 -3.07038
0.867618 -3.07905
0.864313 -3.08849
0.859062 -3.10374
0.856671 -3.11059
0.85393 -3.11849
0.849935 -3.12983
0.845672 -3.14193
0.841119 -3.15486
0.836813 -3.1671
0.832326 -3.17987
0.827657 -3.19317
0.825289 -3.19995
0.82231 -3.20685
0.818397 -3.21204
0.8124 -3.21556
0.806015 -3.21844
0.79956 -3.22103
0.793238 -3.22357
0.786771 -3.22617
0.780204 -3.22881
0.773828 -3.23139
0.767324 -3.23322
0.764529 -3.23353
0.770197 -3.22406
0.775088 -3.21391
0.779528 -3.20277
0.783194 -3.19194
0.786712 -3.18044
0.790009 -3.16895
0.792982 -3.15793
0.796003 -3.14638
0.798875 -3.13516
0.801739 -3.12377
0.804572 -3.11253
0.80728 -3.10124
0.810034 -3.0901
0.812718 -3.07914
0.815472 -3.06765
0.818647 -3.05466
0.822447 -3.03909
0.827171 -3.0202
0.832903 -2.99771
0.839616 -2.97163
0.847082 -2.9433
0.855602 -2.91051
0.86491 -2.8755
0.874981 -2.8376
0.885585 -2.79758
0.896402 -2.75735
0.908383 -2.7125
0.921027 -2.66545
0.933778 -2.61816
0.948008 -2.56553
0.960551 -2.51911
0.973897 -2.46967
0.987826 -2.41798
1.00183 -2.36586
1.01652 -2.31129
1.0321 -2.25985
1.04882 -2.2043
1.06372 -2.15303
1.08324 -2.09946
1.10189 -2.05208
1.12118 -2.00702
1.14067 -1.96263
1.16147 -1.91782
1.1836 -1.86613
1.20529 -1.83078
1.22189 -1.80854
1.24063 -1.7875
1.26 -1.76711
1.28092 -1.74564
1.30403 -1.72202
1.32748 -1.69811
1.35489 -1.67013
1.38274 -1.6417
1.41238 -1.61113
1.43905 -1.58819
1.46668 -1.55828
1.48956 -1.53482
1.50759 -1.52104
1.5234 -1.51369
1.54131 -1.50617
1.56099 -1.49815
1.58298 -1.48916
1.60898 -1.47828
1.63903 -1.46527
1.67208 -1.45026
1.70734 -1.43281
1.74463 -1.41249
1.78209 -1.3902
1.8126 -1.37957
1.84463 -1.35571
1.88193 -1.33638
1.90575 -1.33074
1.9438 -1.30901
1.96896 -1.30373
1.99012 -1.30116
2.01244 -1.29872
2.0388 -1.29577
2.06848 -1.29184
2.10064 -1.28699
2.13577 -1.28062
2.17234 -1.27282
2.20556 -1.26826
2.24007 -1.25799
2.28184 -1.24453
2.31334 -1.24192
2.33828 -1.24068
2.37637 -1.22163
2.39914 -1.22197
2.42219 -1.22359
2.44659 -1.22536
2.47637 -1.22725
2.50756 -1.22908
2.54277 -1.23053
2.57862 -1.23117
2.61166 -1.23396
2.65364 -1.22702
2.69565 -1.22629
2.73163 -1.21853
2.77793 -1.20398
2.82699 -1.19249
2.84232 -1.19708
2.85949 -1.20242
2.8809 -1.20895
2.90441 -1.21601
2.9306 -1.22367
2.95946 -1.2317
2.99017 -1.23983
3.02409 -1.24814
3.06117 -1.25632
3.09902 -1.26385
3.12414 -1.2709
3.16579 -1.27637
3.21099 -1.28239
3.2528 -1.28742
3.29377 -1.29217
3.31668 -1.29855
3.33967 -1.30638
3.36467 -1.31489
3.39147 -1.32375
3.41938 -1.33253
3.44995 -1.34145
3.48163 -1.35
3.51349 -1.35849
3.54797 -1.36756
3.58224 -1.37666
3.61876 -1.3865
3.65519 -1.39653
3.69321 -1.4072
3.73262 -1.41845
3.76573 -1.42874
3.79802 -1.43911
3.82979 -1.4493
3.86324 -1.45993
3.89592 -1.47029
3.92997 -1.48098
3.96192 -1.49095
3.99793 -1.50206
4.03095 -1.51219
4.06827 -1.52349
4.10346 -1.53409
4.14261 -1.54578
4.17679 -1.55597
4.20834 -1.56536
4.23801 -1.574
4.26617 -1.58227
4.29451 -1.59043
4.32078 -1.59806
4.34704 -1.60557
4.37113 -1.6125
4.39738 -1.61996
4.42289 -1.62723
4.44876 -1.63456
4.47549 -1.64212
4.50291 -1.64987
4.53447 -1.65871
4.5596 -1.66555
4.57391 -1.6695
4.58823 -1.67382
4.60143 -1.67744
4.6137 -1.6811
4.62523 -1.68433
4.63636 -1.68768
4.64713 -1.69082
4.65704 -1.69356
4.66659 -1.69642
4.67527 -1.6988
4.68392 -1.70134
4.69225 -1.70366
4.70033 -1.70603
4.70786 -1.70814
4.71553 -1.71039
4.723 -1.71245
4.73035 -1.71458
4.73789 -1.71664
4.7454 -1.71882
4.75346 -1.72106
4.76159 -1.72343
4.77057 -1.72585
4.77868 -1.72823
4.78698 -1.72906
4.79497 -1.72969
4.8015 -1.7297
4.8087 -1.72972
4.81517 -1.72974
4.82228 -1.72976
4.82896 -1.72979
4.83575 -1.72982
4.84284 -1.72985
4.84954 -1.72989
4.85632 -1.72993
4.86329 -1.72998
4.87036 -1.73004
4.87711 -1.73009
4.88381 -1.73016
4.89076 -1.73023
