-0.80375 2.9837
-0.801202 2.98086
-0.793737 2.9721
-0.786602 2.96378
-0.779138 2.95503
-0.771953 2.94646
-0.764919 2.93797
-0.757906 2.92921
-0.75072 2.9201
-0.744238 2.91191
-0.735969 2.90175
-0.726589 2.88986
-0.715516 2.87577
-0.70041 2.85758
-0.683515 2.83736
-0.665279 2.81498
-0.644471 2.78982
-0.619135 2.75962
-0.593861 2.72967
-0.566247 2.6973
-0.538183 2.66448
-0.505253 2.62591
-0.470063 2.58473
-0.439919 2.54935
-0.40413 2.50734
-0.371008 2.46861
-0.336545 2.42831
-0.302813 2.38895
-0.267568 2.34777
-0.231262 2.30538
-0.188613 2.25567
-0.15286 2.21388
-0.118325 2.17348
-0.0809354 2.12996
-0.0432069 2.08551
-0.00760658 2.04255
0.030534 1.99766
0.0652785 1.95595
0.106379 1.90688
0.141011 1.866
0.179046 1.81965
0.210878 1.78143
0.254269 1.73018
0.289509 1.69753
0.32938 1.66099
0.357662 1.63534
0.404049 1.59287
0.438486 1.56159
0.484278 1.51969
0.523782 1.48342
0.56178 1.4558
0.592691 1.44324
0.618365 1.43769
0.633474 1.43599
0.669286 1.426
0.705477 1.41387
0.729342 1.4069
0.758925 1.39792
0.792014 1.38797
0.826265 1.37643
0.857453 1.36941
0.887443 1.3673
0.935629 1.34981
0.97294 1.33825
1.00306 1.3307
1.03643 1.32344
1.06861 1.31661
1.10251 1.3097
1.13651 1.30214
1.17823 1.29184
1.22092 1.28005
1.26701 1.26572
1.32114 1.24997
1.36107 1.24568
1.39439 1.24598
1.43203 1.23723
1.47616 1.23355
1.51237 1.23262
1.54823 1.23193
1.58368 1.23108
1.62164 1.22908
1.66415 1.22609
1.70288 1.2256
1.73753 1.22736
1.7687 1.22872
1.82145 1.22127
1.87064 1.20923
1.90761 1.20993
1.94317 1.21149
1.97914 1.21329
2.01748 1.21512
2.05819 1.21673
2.10709 1.21801
2.14723 1.22012
2.18708 1.22494
2.21562 1.22947
2.2613 1.2284
2.30885 1.21973
2.34559 1.22343
2.37846 1.22967
2.41397 1.23605
2.45033 1.24272
2.48794 1.24955
2.52665 1.25573
2.56827 1.26139
2.61627 1.26407
2.66767 1.26741
2.7176 1.27209
2.75929 1.277
2.79485 1.28084
2.84133 1.28694
2.87846 1.29258
2.91463 1.29851
2.95617 1.30554
2.99032 1.31514
3.02331 1.32571
3.08377 1.33309
3.11832 1.34109
3.14832 1.3538
3.16536 1.36629
3.20296 1.37694
3.24017 1.39392
3.26473 1.41014
3.28332 1.42433
3.29908 1.43641
3.31767 1.45146
3.33232 1.46363
3.35286 1.48094
3.37228 1.4982
3.39886 1.51996
3.43286 1.54334
3.45927 1.56534
3.48122 1.58733
3.49456 1.60473
3.50337 1.61812
3.51233 1.63204
3.52081 1.6458
3.53035 1.66229
3.54114 1.68194
3.55164 1.70262
3.5625 1.72397
3.57419 1.74683
3.58814 1.77259
3.6024 1.79808
3.61908 1.82639
3.63579 1.85416
3.65183 1.88084
3.66866 1.90844
3.68835 1.93986
3.70723 1.96962
3.72665 1.99986
3.74714 2.03106
3.77012 2.06543
3.79142 2.09675
3.80942 2.12287
3.82588 2.1464
3.84229 2.16931
3.86429 2.19822
3.89075 2.23174
3.9132 2.25992
3.93398 2.28626
3.95178 2.30877
3.97083 2.3323
3.99058 2.3563
4.00727 2.37635
4.02442 2.39672
4.04418 2.41992
4.0572 2.43509
4.07672 2.45761
4.09627 2.47997
4.11545 2.50176
4.13458 2.52332
4.153 2.54391
4.17309 2.56623
4.19323 2.58846
4.19901 2.5948
4.20714 2.60372
4.21513 2.61246
4.22198 2.61993
4.22932 2.62792
4.23627 2.63549
4.24234 2.64207
4.24862 2.64888
4.2535 2.65415
4.25969 2.66085
4.26493 2.66651
4.27071 2.67274
4.27677 2.67928
4.28153 2.6844
4.28685 2.69013
4.29332 2.69709
4.29827 2.7024
4.30523 2.70986
4.30995 2.71492
4.31477 2.72009
4.32214 2.72798
4.32955 2.7359
4.33601 2.74281
4.34142 2.74858
4.34841 2.75604
4.35328 2.76122
4.3581 2.76635
4.36326 2.77185
4.36882 2.77777
4.37441 2.78371
4.38015 2.7898
4.38827 2.79794
4.39492 2.80453
4.40016 2.80974
4.40535 2.81488
4.4126 2.82208
4.41794 2.82739
4.42449 2.83389
4.43252 2.84187
4.43924 2.84855
4.44241 2.8517
