-0.711238 2.9718
-0.68958 2.97193
-0.635724 2.97232
-0.582027 2.97276
-0.523912 2.97317
-0.46716 2.97359
-0.409411 2.97407
-0.353343 2.9749
-0.323794 2.97541
-0.238538 2.9772
-0.18233 2.97857
-0.127034 2.98015
-0.0988597 2.98104
-0.0417094 2.9829
0.0389649 2.98636
0.0914157 2.98928
0.146737 2.99235
0.198606 2.99528
0.254573 2.99856
0.309158 3.00169
0.364764 3.00496
0.420246 3.00825
0.449929 3.01005
0.502151 3.01381
0.555653 3.01777
0.610863 3.02186
0.664256 3.02576
0.720838 3.02986
0.775652 3.03384
0.832063 3.0379
0.919944 3.04422
0.973794 3.04844
1.02883 3.05284
1.0864 3.05741
1.10976 3.05926
1.16632 3.0637
1.25338 3.07048
1.30539 3.0745
1.36132 3.07881
1.39102 3.08117
1.44287 3.08529
1.49972 3.08978
1.58473 3.0964
1.63747 3.10049
1.8702 3.10633
1.91867 3.10585
1.97045 3.10488
2.01854 3.10375
2.06323 3.10199
2.10926 3.09927
2.15407 3.09887
2.20073 3.09571
2.24418 3.09267
2.29151 3.08932
2.3329 3.08646
2.37217 3.08388
2.42455 3.08045
2.69383 3.06909
2.73865 3.06709
2.78216 3.06511
2.82671 3.06314
2.87194 3.06114
2.91701 3.05915
2.96339 3.05709
3.01222 3.05494
3.05742 3.05291
3.08108 3.05166
3.11967 3.0496
3.16189 3.04737
3.22484 3.04407
3.26477 3.042
3.30382 3.03997
3.34778 3.03769
3.3711 3.03648
3.40941 3.0345
3.47619 3.03107
3.51734 3.02896
3.55365 3.02702
3.57052 3.02612
3.60473 3.0243
3.65624 3.02157
3.68805 3.01991
3.70597 3.01897
3.73679 3.01737
3.76842 3.01572
3.80234 3.01396
3.83568 3.01223
3.88806 3.0095
3.92192 3.00773
3.95893 3.00581
3.97051 3.00521
3.99104 3.00414
4.02204 3.00254
4.03908 3.00165
4.0571 3.00072
4.06556 3.00028
4.07678 2.9997
4.09691 2.99866
4.11876 2.99753
4.1323 2.99683
4.145 2.99618
4.15808 2.9955
4.1675 2.99501
4.17675 2.99453
4.18759 2.99397
4.19615 2.99353
4.20888 2.99287
4.22646 2.99196
4.24093 2.99122
4.26359 2.99004
4.28031 2.98918
4.29708 2.98831
4.31503 2.98738
4.33386 2.98641
4.34539 2.98582
4.35305 2.98285
4.35916 2.97941
4.36504 2.97611
4.37088 2.97283
4.37753 2.96913
4.38371 2.96571
4.38978 2.96238
4.39595 2.95903
4.40164 2.95597
4.40752 2.95285
4.41358 2.9497
4.4203 2.94626
4.42575 2.94352
4.4325 2.94017
4.43941 2.93683
4.44562 2.93389
4.45195 2.93094
4.45772 2.92829
4.46358 2.92567
4.46662 2.92433
