4.44241 2.8517
4.43401 2.84174
4.42694 2.83288
4.42016 2.82434
4.41332 2.81573
4.40645 2.8071
4.39921 2.79818
4.39232 2.78963
4.38544 2.78113
4.37808 2.77172
4.37109 2.76282
4.36476 2.75427
4.35834 2.74545
4.35161 2.73564
4.34544 2.7265
4.34025 2.71864
4.33356 2.70822
4.32691 2.69795
4.32084 2.68848
4.31489 2.67905
4.30907 2.66954
4.30359 2.66058
4.29959 2.65429
4.2908 2.63996
4.28551 2.63157
4.27978 2.62219
4.27407 2.6127
4.26853 2.60341
4.26331 2.59462
4.25733 2.58508
4.25185 2.57609
4.24566 2.56582
4.23959 2.556
4.23374 2.5463
4.22824 2.53687
4.22313 2.5285
4.21697 2.51826
4.21199 2.50988
4.20443 2.49784
4.19389 2.48135
4.18281 2.4634
4.17206 2.446
4.15789 2.42374
4.14031 2.39683
4.12169 2.36824
4.10101 2.33706
4.07518 2.29825
4.05031 2.26085
4.02317 2.22025
3.9996 2.18541
3.97435 2.14827
3.94787 2.1089
3.9195 2.06624
3.8876 2.01916
3.85992 1.97824
3.82774 1.93063
3.79789 1.88608
3.76167 1.83782
3.72633 1.78909
3.687 1.7355
3.65472 1.69062
3.62106 1.64467
3.5853 1.59614
3.55076 1.54911
3.50741 1.50278
3.47572 1.48445
3.45488 1.47801
3.43858 1.47506
3.39949 1.45445
3.37047 1.44097
3.34505 1.43073
3.3172 1.41988
3.2881 1.40961
3.26589 1.40546
3.22824 1.39148
3.17793 1.36812
3.14228 1.35005
3.10342 1.32972
3.06561 1.30969
3.04813 1.30857
3.02727 1.30798
3.00388 1.30735
2.97657 1.30615
2.94385 1.30349
2.90845 1.2995
2.87126 1.29338
2.8297 1.2847
2.78002 1.27197
2.73523 1.26144
2.69719 1.25727
2.66804 1.25635
2.61559 1.23914
2.57249 1.23619
2.53302 1.23484
2.50399 1.23418
2.46794 1.23306
2.42291 1.23163
2.38266 1.22988
2.3393 1.22722
2.29935 1.22611
2.26128 1.22714
2.23208 1.22849
2.18261 1.22189
2.13626 1.22344
2.0988 1.22479
2.05859 1.22655
2.01937 1.22839
1.98003 1.23001
1.93532 1.23135
1.89875 1.2342
1.85972 1.23604
1.80204 1.22932
1.74995 1.2231
1.71988 1.22801
1.68864 1.23344
1.6564 1.23914
1.62021 1.24564
1.58479 1.25221
1.54274 1.26012
1.50479 1.26732
1.46258 1.27473
1.4302 1.27937
1.37937 1.28508
1.33579 1.28924
1.29021 1.29329
1.25349 1.29908
1.21216 1.3056
1.17061 1.31221
1.12806 1.3189
1.08082 1.32594
1.03284 1.33308
0.996798 1.34172
0.968712 1.35418
0.917705 1.35867
0.899711 1.36962
0.880951 1.38212
0.859051 1.39697
0.836672 1.41218
0.810775 1.43009
0.782246 1.44978
0.756697 1.46729
0.72278 1.48972
0.693929 1.51167
0.658235 1.52428
0.620579 1.54104
0.587563 1.56022
0.563587 1.57898
0.546344 1.59526
0.533905 1.60799
0.522475 1.61958
0.509281 1.63276
0.493037 1.64889
0.473339 1.66876
0.455357 1.68779
0.436947 1.70796
0.418197 1.72895
0.397162 1.75296
0.375223 1.77846
0.353304 1.80471
0.33026 1.83246
0.30534 1.86216
0.280431 1.89197
0.256666 1.92033
0.230114 1.95161
0.204331 1.98267
0.181958 2.01023
0.160313 2.03732
0.140219 2.06158
0.11382 2.092
0.087688 2.12275
0.0642683 2.15168
0.0452549 2.1765
0.0253101 2.20216
0.00528005 2.22786
-0.0159443 2.25465
-0.0400241 2.28457
-0.0621567 2.31167
-0.0861199 2.34063
-0.107981 2.36681
-0.131034 2.39394
-0.154915 2.42178
-0.181416 2.4524
-0.206948 2.48178
-0.233175 2.51178
-0.254129 2.53576
-0.275636 2.56013
-0.296321 2.58343
-0.316348 2.60583
-0.336231 2.62794
-0.355822 2.64962
-0.375042 2.6708
-0.39462 2.69228
-0.415797 2.71543
-0.43688 2.73842
-0.457593 2.76093
-0.480901 2.78614
-0.503893 2.81093
-0.519213 2.82742
-0.529969 2.83897
-0.541103 2.8509
-0.549896 2.86032
-0.559214 2.87029
-0.567549 2.87919
-0.575891 2.8881
-0.583861 2.8966
-0.590659 2.90384
-0.597768 2.91141
-0.604745 2.91884
-0.610952 2.92544
-0.61682 2.93168
-0.621654 2.93681
-0.627967 2.94352
-0.633812 2.94972
-0.639631 2.9559
-0.645422 2.96204
-0.65033 2.96724
-0.65609 2.97335
-0.662545 2.98019
-0.668702 2.98671
-0.674339 2.99267
-0.681644 3.0004
-0.689058 3.00825
-0.696755 3.01639
-0.704562 3.02464
-0.711634 3.03211
-0.720514 3.04148
-0.726437 3.05003
-0.728578 3.05662
-0.730689 3.06306
-0.732751 3.06928
-0.734966 3.0759
-0.73713 3.08234
-0.739338 3.08889
-0.741545 3.09543
-0.743945 3.10253
-0.746314 3.10954
-0.748587 3.11626
-0.750667 3.12241
-0.752967 3.12921
-0.756037 3.13829
-0.758232 3.14479
-0.760218 3.15066
-0.762672 3.15792
-0.764917 3.16456
-0.76632 3.16871
