4.42 2.83235
4.41347 2.83249
4.40402 2.83238
4.39059 2.83222
4.37998 2.83191
4.36854 2.83152
4.35777 2.83117
4.34646 2.83081
4.33547 2.83046
4.32531 2.8302
4.31482 2.83008
4.30384 2.83001
4.29345 2.83016
4.28197 2.83041
4.2709 2.83073
4.26029 2.83123
4.2528 2.83162
4.24187 2.832
4.22616 2.83248
4.22218 2.83264
4.18906 2.83409
4.16912 2.83534
4.14596 2.8372
4.1198 2.83943
4.0946 2.84164
4.06095 2.84519
4.04305 2.84707
3.97494 2.85475
3.93896 2.85876
3.89356 2.86411
3.84596 2.86994
3.82051 2.87304
3.73835 2.88333
3.68587 2.88997
3.66602 2.89245
3.57916 2.90427
3.51728 2.91284
3.46341 2.92034
3.40593 2.9284
3.34975 2.93631
3.29369 2.94423
3.23426 2.95265
3.17361 2.9616
3.11516 2.9704
3.06026 2.97863
2.99838 2.9879
2.93993 2.99672
2.88593 3.00489
2.82492 3.014
2.77001 3.02243
2.71661 3.03079
2.65679 3.03966
2.60839 3.04675
2.55098 3.0555
2.49313 3.06423
2.43825 3.07237
2.40861 3.07672
2.07946 3.09973
2.03984 3.09858
2.00237 3.09662
1.96093 3.09412
1.91856 3.09145
1.87791 3.08882
1.8335 3.08616
1.78935 3.08342
1.74586 3.08025
1.70129 3.07772
1.64544 3.07772
1.6014 3.07667
1.58264 3.07606
1.28033 3.06677
1.2316 3.06539
1.18007 3.06395
1.13141 3.06254
1.08632 3.06105
1.04024 3.05935
1.01836 3.05849
0.971136 3.05658
0.920595 3.05492
0.849489 3.05236
0.806203 3.05061
0.758089 3.04867
0.716379 3.04699
0.671699 3.04518
0.629128 3.04346
0.582462 3.04158
0.536189 3.03974
0.491541 3.03795
0.445238 3.03606
0.406872 3.03441
0.366324 3.03266
0.327502 3.03101
0.286397 3.02926
0.26893 3.02852
0.229374 3.02686
0.192233 3.02529
0.153573 3.02367
0.112778 3.02196
0.0491374 3.0193
0.009485 3.01764
-0.00658624 3.01696
-0.0373638 3.01567
-0.0683019 3.01437
-0.112201 3.01253
-0.139703 3.01138
-0.165891 3.01028
-0.192383 3.00918
-0.21872 3.00808
-0.245011 3.00699
-0.272375 3.00585
-0.285314 3.00531
-0.314053 3.00411
-0.359334 3.00223
-0.389573 3.00098
-0.417333 2.99982
-0.430904 2.99926
-0.442824 2.99876
-0.454859 2.99826
-0.460851 2.99801
-0.471506 2.99757
-0.481495 2.99716
-0.49555 2.99657
-0.503866 2.99623
-0.51247 2.99587
-0.519833 2.99556
-0.526754 2.99528
-0.533997 2.99497
-0.541359 2.99467
-0.555738 2.99407
-0.576093 2.99323
-0.58338 2.99292
-0.596173 2.99239
-0.603176 2.9921
-0.610415 2.9918
-0.617297 2.99152
-0.624169 2.99123
-0.631057 2.99094
-0.638039 2.99065
-0.646171 2.99032
-0.652958 2.99004
-0.667569 2.98943
-0.684642 2.98872
-0.701798 2.98801
-0.707781 2.97945
-0.710655 2.97309
-0.711238 2.9718
