4.46662 2.92433
4.46044 2.92434
4.4438 2.92379
4.43345 2.92337
4.42252 2.92295
4.41483 2.92268
4.40617 2.92225
4.39554 2.92195
4.37855 2.92147
4.37139 2.92146
4.35691 2.921
4.34611 2.92073
4.33513 2.92047
4.32412 2.92024
4.31605 2.9201
4.30189 2.91985
4.29677 2.91992
4.28018 2.92012
4.26911 2.92042
4.26327 2.92049
4.25597 2.92068
4.2401 2.92079
4.22431 2.92105
4.19347 2.92219
4.16592 2.92379
4.15168 2.92477
4.10183 2.92823
4.06581 2.93077
4.04677 2.93228
4.00446 2.93555
3.96107 2.93906
3.91538 2.94263
3.86773 2.94654
3.79186 2.95296
3.7406 2.95751
3.68381 2.96292
3.63099 2.96811
3.60127 2.97102
3.51434 2.97972
3.46059 2.98514
3.40239 2.99108
3.34484 2.99692
3.2877 3.0028
3.22868 3.00911
3.16882 3.01562
3.13945 3.01883
3.05013 3.02859
2.99301 3.03478
2.93405 3.04117
2.87443 3.04757
2.81896 3.05377
2.78995 3.05697
2.73325 3.06324
2.67557 3.06964
2.58782 3.07909
2.53265 3.08501
2.47391 3.09143
2.44083 3.09503
2.38909 3.10053
2.09165 3.10684
2.04608 3.10589
1.9857 3.10833
1.93477 3.11073
1.88238 3.10987
1.84908 3.1077
1.80655 3.1049
1.75969 3.10202
1.71487 3.09923
1.66538 3.0955
1.61838 3.09411
1.56701 3.0932
1.52667 3.09211
1.29462 3.08266
1.25334 3.08111
1.19928 3.0791
1.14732 3.07726
1.09732 3.07548
1.04824 3.07343
1.00426 3.07144
0.960046 3.0695
0.915088 3.06757
0.868829 3.0656
0.823325 3.06366
0.773644 3.06158
0.72197 3.05942
0.683238 3.0578
0.635346 3.05578
0.588626 3.05365
0.546312 3.05173
0.507023 3.04996
0.465157 3.04809
0.423918 3.04626
0.38321 3.04445
0.341125 3.04258
0.299709 3.04074
0.253966 3.03872
0.20874 3.03672
0.1742 3.03517
0.138037 3.03354
0.102071 3.03192
0.0642899 3.03023
0.0300422 3.0287
8.20184e-05 3.02737
-0.0336703 3.02587
-0.0610153 3.02466
-0.0956662 3.02312
-0.12638 3.02176
-0.160381 3.02025
-0.194929 3.01871
-0.234475 3.01696
-0.271296 3.01533
-0.293323 3.01435
-0.314865 3.0134
-0.334017 3.01255
-0.350487 3.01182
-0.367855 3.01106
-0.384022 3.01034
-0.399651 3.00965
-0.412397 3.00909
-0.419396 3.00878
-0.440117 3.00786
-0.451997 3.00734
-0.463679 3.00682
-0.474401 3.00635
-0.497312 3.00533
-0.507764 3.00487
-0.520066 3.00433
-0.533935 3.00372
-0.545815 3.00319
-0.560306 3.00255
-0.577327 3.0018
-0.594158 3.00106
-0.611036 3.00031
-0.627727 2.99957
-0.645756 2.99861
-0.647158 2.99175
-0.650046 2.97763
-0.651495 2.97059
-0.652919 2.9638
-0.654301 2.95739
-0.655935 2.95025
-0.656328 2.94855
