-0.76632 3.16871
-0.75961 3.15728
-0.753415 3.14653
-0.747542 3.1364
-0.742078 3.12678
-0.736425 3.11723
-0.730635 3.10756
-0.725086 3.09826
-0.719234 3.08837
-0.715456 3.08195
-0.70761 3.06878
-0.700992 3.05832
-0.691426 3.0437
-0.680202 3.02689
-0.666369 3.00664
-0.649388 2.98161
-0.631254 2.95487
-0.610969 2.92607
-0.59291 2.90079
-0.567795 2.86624
-0.537168 2.82486
-0.508484 2.78609
-0.477496 2.74443
-0.446569 2.70277
-0.415252 2.66072
-0.381721 2.61582
-0.348325 2.57126
-0.313155 2.52477
-0.274571 2.47404
-0.23801 2.42601
-0.202807 2.37965
-0.170975 2.33753
-0.135815 2.29102
-0.099134 2.24268
-0.0585411 2.18848
-0.0289016 2.14882
0.0108099 2.09579
0.0439946 2.05151
0.0803032 2.00356
0.114152 1.95904
0.148093 1.9133
0.182973 1.86561
0.21822 1.81819
0.255271 1.7695
0.294171 1.71806
0.325469 1.67624
0.361785 1.62798
0.403047 1.5733
0.436844 1.5285
0.468981 1.49978
0.497825 1.4875
0.52168 1.48143
0.547216 1.47247
0.569639 1.46477
0.598621 1.45427
0.631211 1.44179
0.663802 1.4291
0.698017 1.41497
0.731098 1.40856
0.768499 1.39339
0.80345 1.37775
0.830473 1.36894
0.854057 1.36415
0.877397 1.36079
0.904124 1.35779
0.934068 1.35468
0.967646 1.3504
1.00546 1.34431
1.04411 1.33645
1.08711 1.32609
1.13121 1.31363
1.16991 1.3038
1.21609 1.28918
1.26929 1.26719
1.3209 1.24581
1.36963 1.22634
1.39465 1.22627
1.42202 1.22691
1.45233 1.22709
1.48947 1.2262
1.52433 1.22507
1.56461 1.22264
1.60694 1.21956
1.65037 1.2207
1.67517 1.22201
1.71832 1.21667
1.76799 1.20352
1.80243 1.20451
1.83515 1.20576
1.87048 1.2074
1.91237 1.20903
1.94935 1.21053
1.99056 1.21141
2.03274 1.21247
2.07279 1.21654
2.12295 1.21368
2.17904 1.20574
2.24045 1.19646
2.27309 1.19945
2.29947 1.20412
2.33224 1.20963
2.36853 1.2158
2.40133 1.22152
2.43939 1.22821
2.4724 1.23358
2.51786 1.23994
2.55981 1.24489
2.59626 1.24875
2.64021 1.25268
2.68227 1.25641
2.71895 1.26175
2.75604 1.26752
2.79546 1.27335
2.84118 1.27971
2.88167 1.28535
2.9218 1.29321
2.97198 1.29806
3.01955 1.30417
3.05993 1.31377
3.08653 1.3245
3.11278 1.33721
3.13568 1.35015
3.15838 1.36355
3.17794 1.37523
3.20373 1.39075
3.23184 1.407
3.26148 1.42458
3.28132 1.4398
3.30138 1.45631
3.34053 1.47366
3.3616 1.49001
3.37613 1.50687
3.38528 1.52037
3.41578 1.54159
3.43531 1.56056
3.44837 1.57638
3.45956 1.59137
3.47045 1.60778
3.48136 1.62586
3.49452 1.64836
3.50736 1.66989
3.52165 1.69367
3.53531 1.71568
3.55068 1.73893
3.56735 1.76324
3.58842 1.79332
3.606 1.81872
3.62396 1.84476
3.64405 1.87386
3.66411 1.90351
3.6847 1.93362
3.70235 1.96073
3.71954 1.98554
3.73391 2.00714
3.74905 2.03015
3.7658 2.05509
3.78352 2.08155
3.80234 2.10898
3.82132 2.13636
3.83883 2.16065
3.85648 2.18476
3.87368 2.20782
3.89525 2.23584
3.91554 2.26189
3.9367 2.28882
3.95754 2.31478
3.9811 2.34365
4.00208 2.36898
4.02609 2.39736
4.0426 2.41691
4.05963 2.43676
4.07521 2.45479
4.09043 2.4723
4.10382 2.48759
4.11846 2.50415
4.13076 2.518
4.14326 2.53202
4.15704 2.54741
4.16945 2.56121
4.18308 2.57632
4.19475 2.5892
4.20749 2.60323
4.22198 2.61912
4.23727 2.63584
4.25163 2.65149
4.26823 2.66953
4.27603 2.678
4.28135 2.68376
4.28611 2.68891
4.29179 2.69504
4.29798 2.70172
4.30311 2.70725
4.31024 2.71493
4.3152 2.72028
4.32001 2.72544
4.32487 2.73067
4.32958 2.73573
4.33581 2.74242
4.34057 2.74753
4.34539 2.7527
4.3501 2.75774
4.35523 2.76324
4.36205 2.77053
4.36724 2.77609
4.37432 2.78366
4.37916 2.78882
4.38609 2.79622
4.39317 2.80377
4.39817 2.8091
4.40476 2.81613
4.41043 2.82217
4.41664 2.82877
4.42 2.83235
