0 0
0.00843311 0.00713315
0.017316 0.0144988
0.0260519 0.0217859
0.0349717 0.0291865
0.0438847 0.0366269
0.0528314 0.0440457
0.0618302 0.0515504
0.0707483 0.0589531
0.0816952 0.0681291
0.0952095 0.0795419
0.11115 0.0931327
0.129604 0.108965
0.150868 0.127299
0.174882 0.148058
0.201311 0.171043
0.229387 0.195551
0.261013 0.223248
0.293177 0.251435
0.328727 0.282696
0.364407 0.31415
0.402155 0.347474
0.443537 0.384011
0.482128 0.418177
0.522532 0.453966
0.564187 0.490905
0.6055 0.527562
0.6486 0.56584
0.694793 0.606873
0.74019 0.647207
0.784961 0.687039
0.829245 0.726441
0.875698 0.767781
0.919558 0.806885
0.968199 0.850285
1.01158 0.889019
1.06094 0.933138
1.10782 0.975074
1.15323 1.01575
1.20191 1.05939
1.24849 1.10149
1.29464 1.14333
1.3417 1.1861
1.38753 1.22788
1.43164 1.2682
1.47914 1.31175
1.52401 1.35302
1.5669 1.3933
1.60922 1.43352
1.6514 1.47377
1.6964 1.51691
1.73908 1.55802
1.77954 1.59717
1.82261 1.63908
1.86561 1.68114
1.90448 1.72043
1.94351 1.76048
1.98336 1.80146
2.0222 1.8415
2.06253 1.8832
2.10395 1.92613
2.14368 1.96744
2.1827 2.00848
2.22279 2.05141
2.26183 2.09324
2.29956 2.1336
2.34032 2.17719
2.37952 2.21908
2.42017 2.26251
2.45993 2.3049
2.50238 2.35013
2.54028 2.39068
2.58212 2.4352
2.62141 2.47695
2.66343 2.52146
2.70485 2.5652
2.7475 2.61016
2.78769 2.65239
2.83115 2.69792
2.87143 2.73981
2.91301 2.78304
2.95492 2.82653
2.99683 2.86988
3.03926 2.91379
3.08101 2.95682
3.12262 2.99966
3.16256 3.04046
3.20371 3.08246
3.2439 3.12364
3.28513 3.16582
3.32672 3.20818
3.36726 3.24983
3.40806 3.29162
3.44496 3.33342
3.47323 3.37071
3.50235 3.40867
3.53262 3.44781
3.56478 3.48922
3.59613 3.5297
3.62871 3.57159
3.65185 3.60971
3.66197 3.6409
3.68283 3.67878
3.69746 3.71598
3.70784 3.74604
3.71723 3.77573
3.72715 3.80688
3.73866 3.84191
3.74959 3.87602
3.753 3.90422
3.76174 3.94148
3.76827 3.97098
3.78588 4.00656
3.80977 4.05065
3.81354 4.07293
3.81365 4.09489
3.81375 4.11857
3.81394 4.14587
3.81467 4.17689
3.81596 4.21032
3.81814 4.2474
3.82145 4.28833
3.82274 4.32453
3.82356 4.3609
3.82695 4.40327
3.82665 4.43079
3.8345 4.46872
3.83127 4.4921
3.82726 4.51851
3.82261 4.54866
3.81779 4.58113
3.81329 4.61383
3.80822 4.65257
3.80395 4.6902
3.79994 4.73403
3.79494 4.77025
3.78854 4.8026
3.78605 4.84372
3.78015 4.86799
3.77209 4.88799
3.76285 4.90836
3.75224 4.93191
3.74085 4.9576
3.72859 4.98587
3.71561 5.0171
3.70254 5.05068
3.68982 5.08602
3.67696 5.12512
3.6649 5.16651
3.65431 5.19549
3.64456 5.23669
3.63398 5.28206
3.62379 5.3222
3.61375 5.35949
3.60451 5.3845
3.59472 5.41154
3.5844 5.44024
3.57354 5.47053
3.56217 5.50198
3.54984 5.53549
3.53756 5.56842
3.52479 5.60199
3.51056 5.63881
3.49692 5.6736
3.48124 5.71301
3.46584 5.75135
3.45036 5.78906
3.43601 5.82218
3.42173 5.85516
3.40633 5.89077
3.39102 5.9264
3.37582 5.96196
3.36095 5.99692
3.34531 6.03388
3.33006 6.07018
3.31415 6.10826
3.29787 6.14748
3.2819 6.1862
3.2668 6.22273
3.25347 6.25505
3.24018 6.28745
3.22703 6.31967
3.21415 6.35142
3.20158 6.38253
3.18926 6.41317
3.17716 6.44338
3.16406 6.47621
3.15095 6.50921
3.13819 6.5414
3.1243 6.57658
3.11096 6.61046
3.09942 6.63981
3.09093 6.6615
3.08264 6.68269
3.07465 6.70314
3.06746 6.72155
3.05984 6.7411
3.05301 6.75865
3.04669 6.77491
3.04001 6.7921
3.03394 6.80774
3.02794 6.8232
3.02187 6.83887
3.01569 6.8548
3.0094 6.87104
3.00278 6.88816
2.99575 6.90635
2.98857 6.92492
2.98092 6.94474
2.97292 6.96547
2.96471 6.98679
2.96223 6.99322
2.95977 6.99961
2.95727 7.00609
2.9548 7.01251
2.95232 7.01896
2.9498 7.0255
2.94739 7.03176
2.94484 7.0384
2.94236 7.04483
2.93993 7.05116
2.9424 7.0495
2.94972 7.04045
2.9567 7.03174
2.96368 7.02282
2.97067 7.01402
2.97779 7.00508
2.98484 6.99618
2.99189 6.98726
2.99876 6.97849
3.00586 6.96935
3.01291 6.96026
3.01954 6.95173
3.02668 6.9425
3.03349 6.93359
3.04036 6.92472
3.04743 6.91561
3.05436 6.90669
3.06126 6.89775
3.06827 6.88867
3.07518 6.8797
3.08219 6.87065
3.08909 6.86171
3.09581 6.85299
3.10281 6.8439
3.10973 6.83491
3.11666 6.82598
3.12355 6.81701
3.13045 6.80805
3.13725 6.79916
3.14429 6.79006
3.1512 6.78112
3.15794 6.77237
3.16479 6.76339
3.17186 6.7543
3.17866 6.74554
3.18582 6.73631
3.19255 6.72761
3.19921 6.71909
3.2064 6.70987
3.21329 6.70094
3.21994 6.69237
3.22759 6.6825
3.23631 6.67132
3.24717 6.65758
3.26128 6.63992
3.27692 6.62036
3.2941 6.59916
3.31575 6.57247
3.33796 6.5453
3.36235 6.51558
3.38778 6.48486
3.41751 6.44934
3.44666 6.4146
3.47783 6.37768
3.51229 6.3369
3.54519 6.29803
3.58159 6.25517
3.61659 6.21408
3.65439 6.16986
3.69227 6.12596
3.72973 6.08273
3.77051 6.03576
3.80842 5.99215
3.84974 5.94471
3.8896 5.89901
3.9306 5.85206
3.97056 5.80636
4.01066 5.76105
4.05427 5.71186
4.09377 5.66736
4.13685 5.61889
4.17627 5.57459
4.21901 5.52663
4.25886 5.48199
4.29932 5.43731
4.33907 5.3935
4.37985 5.34861
4.42217 5.30208
4.46104 5.25938
4.50367 5.21258
4.54334 5.16905
4.58347 5.1252
4.62545 5.0796
4.66429 5.03744
4.70672 4.99142
4.74695 4.94782
4.78539 4.9062
4.82737 4.8608
4.86914 4.81567
4.90983 4.77213
4.94899 4.73033
4.98998 4.68659
5.02985 4.64411
5.07128 4.60002
5.11161 4.55716
5.15249 4.51377
5.19285 4.47114
5.2328 4.42932
5.27331 4.38692
5.31376 4.34456
5.35279 4.30372
5.3941 4.26055
5.43392 4.21897
5.47516 4.17592
5.5149 4.13462
5.55425 4.09413
5.59415 4.05312
5.63235 4.01385
5.67467 3.97031
5.71315 3.93077
5.75507 3.88769
5.79387 3.84784
5.83515 3.80567
5.87353 3.76663
5.91343 3.72599
5.95274 3.68608
5.99248 3.64581
6.03147 3.6063
6.07048 3.56686
6.10905 3.52792
6.14949 3.48734
6.18808 3.44874
6.22618 3.41062
6.26437 3.37239
6.30294 3.33377
6.34266 3.29392
6.38075 3.25572
6.41736 3.21612
6.44755 3.17936
6.47714 3.14171
6.51024 3.10314
6.53815 3.06558
6.56261 3.03016
6.58694 2.99422
6.60171 2.96349
6.62197 2.92637
6.64352 2.89152
6.65622 2.86214
6.66252 2.83867
6.6686 2.81397
6.67532 2.78659
6.68274 2.7573
6.69155 2.72478
6.70145 2.69028
6.71327 2.65238
6.72486 2.616
6.7309 2.58421
6.74828 2.54104
6.75838 2.5099
6.76247 2.48435
6.76468 2.45894
6.76671 2.4319
6.76883 2.40375
6.7715 2.37029
6.7746 2.33606
6.77841 2.29969
6.7838 2.26109
6.78726 2.22499
6.80277 2.18265
6.81058 2.14059
6.81245 2.11208
6.81336 2.088
6.81358 2.06135
6.81345 2.03333
6.81324 2.00316
6.81323 1.97079
6.81355 1.93587
6.81452 1.90207
6.81635 1.8644
6.81856 1.82569
6.82407 1.78554
6.83107 1.74231
6.83299 1.70374
6.83228 1.67704
6.83189 1.64914
6.83054 1.62087
6.82844 1.59013
6.82601 1.5598
6.82344 1.52819
6.82119 1.49449
6.8194 1.46025
6.81754 1.42536
6.81839 1.39115
6.82001 1.35049
6.81646 1.32333
6.81449 1.30055
6.8193 1.26338
6.81297 1.24997
6.8059 1.23534
6.79787 1.21832
6.78943 1.20053
6.77993 1.18056
6.77014 1.15928
6.75992 1.13733
6.74911 1.11274
6.73816 1.08804
6.72786 1.06174
6.72001 1.03881
6.7145 1.00904
6.70607 0.984785
6.70729 0.955436
6.70282 0.919061
6.69658 0.886663
6.68877 0.856846
6.67131 0.840316
6.65497 0.822235
6.63902 0.805432
6.62464 0.788683
6.61073 0.77197
6.59788 0.756381
6.58519 0.739228
6.57343 0.724123
6.56254 0.707747
6.55205 0.692976
6.54185 0.678027
6.53415 0.656494
6.52558 0.64179
6.52132 0.635787
6.51377 0.627167
6.50173 0.604126
6.49205 0.585044
6.48232 0.56685
6.47583 0.565912
6.46998 0.568196
6.46457 0.571182
6.45844 0.573217
6.45163 0.57435
6.44484 0.575519
6.43811 0.576728
6.43139 0.577981
6.42449 0.579314
6.41775 0.580662
6.41322 0.582922
6.41881 0.587847
6.42732 0.594832
6.43596 0.601222
6.44544 0.607656
6.45738 0.61542
6.47268 0.624997
6.49107 0.636275
6.51262 0.649451
6.53721 0.664605
6.56219 0.680061
6.59158 0.698491
6.61494 0.714957
6.61935 0.726254
6.62423 0.739441
6.6305 0.755763
6.63816 0.77526
6.64719 0.797311
6.65773 0.821673
6.67068 0.850616
6.68479 0.880576
6.70011 0.911399
6.71776 0.94537
6.73617 0.978336
6.75462 1.00998
6.77574 1.0442
6.79648 1.07603
6.81862 1.10947
6.8361 1.13853
6.83874 1.15589
6.84139 1.1772
6.84412 1.19984
6.84754 1.22759
6.85151 1.25621
6.85601 1.28667
6.86169 1.32184
6.86771 1.35632
6.87508 1.39526
6.88157 1.43214
6.89508 1.48191
6.90766 1.53083
6.9154 1.57018
6.92068 1.60349
6.92535 1.63492
6.92956 1.6679
6.9339 1.70408
6.93834 1.74252
6.94297 1.78189
6.94813 1.82386
6.95338 1.86434
6.95859 1.90798
6.96138 1.95174
6.9688 1.9964
6.97509 2.04169
6.97941 2.08191
6.98327 2.12372
6.98654 2.16555
6.98962 2.20862
6.99304 2.25386
6.9967 2.29985
6.99969 2.34775
7.00241 2.39108
7.00678 2.43805
7.01021 2.48487
7.01299 2.53099
7.01551 2.57858
7.01765 2.62432
7.01965 2.67307
7.01977 2.71442
7.01974 2.75825
7.01972 2.8027
7.01968 2.84762
7.01967 2.89275
7.01966 2.93843
7.0197 2.98525
7.01981 3.03468
7.01998 3.08472
7.02013 3.13305
7.01936 3.17906
7.01855 3.22507
7.01778 3.27273
7.0171 3.32154
7.01646 3.37212
7.01599 3.41849
7.01552 3.46799
7.01513 3.51677
7.01478 3.56821
7.01404 3.61456
7.01316 3.66256
7.01239 3.70935
7.01174 3.75583
7.01111 3.8032
7.01054 3.85169
7.01009 3.89679
7.00964 3.94669
7.00928 3.99439
7.00898 4.04612
7.00863 4.09114
7.00832 4.13812
7.00809 4.18298
7.00792 4.22858
7.00779 4.27451
7.0077 4.31792
7.00763 4.36293
7.00759 4.41225
7.00758 4.4568
7.00755 4.50095
7.00748 4.54484
7.00745 4.58431
7.00745 4.62656
7.00746 4.66595
7.00749 4.70426
7.00754 4.74377
7.00759 4.78386
7.00766 4.82313
7.00773 4.86517
7.00783 4.90791
7.00797 4.9466
7.00814 4.97858
7.00829 5.01072
7.00851 5.04256
7.00865 5.0728
7.00884 5.10147
7.00897 5.12928
7.00918 5.15757
7.00936 5.18633
7.00957 5.21533
7.00977 5.24601
7.00993 5.27519
7.00987 5.28544
7.00962 5.29337
7.00928 5.30058
7.00896 5.30745
7.00865 5.31411
7.00832 5.32132
7.00799 5.3283
7.00768 5.33496
7.00736 5.34189
7.00702 5.34915
7.00672 5.35565
7.00638 5.36298
7.00604 5.37029
7.00567 5.3782
7.00529 5.3864
7.0049 5.39475
7.00453 5.40273
