0.0149862 0.000604867
0.0264508 0.00111773
0.0375948 0.0017365
0.0490445 0.00269062
0.0601169 0.00389451
0.0715968 0.00524519
0.0825749 0.00673556
0.0945502 0.00856516
0.105703 0.010421
0.117315 0.0127603
0.128884 0.0154136
0.140106 0.0183153
0.150558 0.0213916
0.162032 0.025166
0.177163 0.0305702
0.193951 0.0370786
0.216371 0.0464023
0.241775 0.0572566
0.271762 0.0682226
0.301761 0.0799256
0.337093 0.0951225
0.375073 0.112743
0.418031 0.1334
0.464743 0.157059
0.512747 0.182008
0.56402 0.20981
0.615152 0.238605
0.670933 0.270906
0.713485 0.300106
0.759359 0.332275
0.802896 0.363436
0.84426 0.393633
0.885768 0.424393
0.929117 0.457372
0.973044 0.491515
1.01382 0.523552
1.05669 0.55834
1.08985 0.586281
1.12441 0.616376
1.16068 0.648008
1.20246 0.682655
1.23522 0.714447
1.26632 0.745043
1.29962 0.778191
1.33162 0.810353
1.36637 0.845598
1.40273 0.882817
1.43388 0.914767
1.46915 0.95112
1.50742 0.990776
1.5406 1.02695
1.56672 1.05766
1.59817 1.09452
1.62897 1.13038
1.66 1.16643
1.69299 1.2048
1.72634 1.24354
1.76134 1.2843
1.79426 1.32263
1.8282 1.36205
1.85863 1.40011
1.8877 1.43637
1.92149 1.47832
1.95303 1.5172
1.98547 1.55693
2.01857 1.59728
2.05248 1.63855
2.08727 1.68088
2.12166 1.72355
2.15184 1.76215
2.18445 1.80349
2.21743 1.8449
2.25187 1.88783
2.28803 1.9325
2.32172 1.9739
2.35921 2.01968
2.39331 2.06139
2.42782 2.10416
2.46431 2.14907
2.50048 2.19326
2.53669 2.23729
2.57284 2.2811
2.60962 2.32551
2.64694 2.3704
2.68506 2.41609
2.72246 2.46097
2.75917 2.50485
2.79698 2.54982
2.83547 2.59538
2.87439 2.64127
2.91207 2.68552
2.95149 2.73169
2.99128 2.77811
3.02834 2.82122
3.06885 2.86824
3.10851 2.91418
3.14808 2.95991
3.18462 3.00207
3.22363 3.04702
3.26409 3.09357
3.30323 3.13851
3.34166 3.18236
3.38104 3.2272
3.41909 3.27046
3.45716 3.31368
3.4961 3.35794
3.53595 3.40329
3.56701 3.44306
3.58251 3.4759
3.59969 3.51139
3.61833 3.54857
3.63888 3.58809
3.66025 3.62861
3.67946 3.66745
3.68971 3.70095
3.71474 3.75054
3.7278 3.78476
3.73617 3.81293
3.74163 3.84125
3.74644 3.86825
3.75151 3.89862
3.7571 3.93192
3.76311 3.96724
3.77002 4.00615
3.77506 4.04031
3.78939 4.08867
3.79592 4.13047
3.79667 4.15643
3.80026 4.18161
3.82143 4.22914
3.82434 4.2558
3.82314 4.28044
3.82184 4.30928
3.82066 4.33942
3.81972 4.37364
3.81932 4.40938
3.81947 4.44817
3.81927 4.48683
3.81577 4.51877
3.81918 4.56706
3.81755 4.59561
3.81331 4.61966
3.807 4.64288
3.80002 4.66756
3.79185 4.69609
3.78306 4.72727
3.77411 4.75986
3.76506 4.7947
3.75603 4.83356
3.74867 4.87316
3.74047 4.9125
3.74179 4.95215
3.73737 4.99827
3.7283 5.02902
3.72029 5.04881
3.71046 5.06997
3.69965 5.09269
3.68791 5.11771
3.67528 5.14557
3.66266 5.17457
3.64897 5.20746
3.63584 5.24079
3.62286 5.27539
3.61031 5.31327
3.59855 5.35096
3.58642 5.39121
3.5747 5.4305
3.56221 5.47269
3.5511 5.5041
3.53976 5.5348
3.52741 5.56807
3.51483 5.60162
3.5017 5.6362
3.48831 5.67102
3.47426 5.70702
3.46017 5.74267
3.44542 5.7796
3.42986 5.81829
3.41417 5.85709
3.39784 5.89727
3.38212 5.93534
3.36707 5.97049
3.35316 6.00315
3.33808 6.03877
3.32406 6.07201
3.30929 6.1074
3.29487 6.14215
3.28025 6.17759
3.26499 6.2149
3.25036 6.25088
3.23491 6.28909
3.21937 6.32777
3.20593 6.36122
3.19362 6.39201
3.18165 6.42213
3.1699 6.45182
3.15844 6.48092
3.14714 6.50968
3.13574 6.53882
3.12483 6.56679
3.11305 6.5971
3.10241 6.62453
3.09095 6.65417
3.07903 6.68505
3.0669 6.71654
3.05774 6.74036
3.05116 6.75753
3.04488 6.77393
3.03877 6.78991
3.03306 6.80485
3.02774 6.81878
3.02255 6.83238
3.01764 6.84525
3.01298 6.85747
3.00885 6.86831
3.00467 6.87931
3.00255 6.88488
2.99875 6.89485
2.99512 6.90442
2.99162 6.91363
2.98802 6.9231
2.98468 6.93189
2.98124 6.94096
2.97768 6.95035
2.97412 6.95973
2.96851 6.97452
2.96455 6.98498
2.96044 6.99583
2.95619 7.00705
2.95161 7.01915
2.9467 7.03212
2.94176 7.0452
2.93623 7.05983
2.93171 7.07183
2.92934 7.07823
2.92704 7.08445
2.92453 7.09125
2.9222 7.09756
2.9198 7.10404
2.91731 7.11077
2.91496 7.11715
2.91267 7.12335
2.91024 7.1299
2.90778 7.13657
2.90533 7.14319
2.90289 7.14981
2.90061 7.15597
2.8982 7.16249
2.89574 7.16915
2.89344 7.17538
2.89101 7.18197
2.88861 7.18846
2.88617 7.19507
2.88375 7.20162
2.89039 7.19272
2.89727 7.18346
2.90407 7.17462
2.911 7.16578
2.91808 7.15684
2.92516 7.14794
2.93224 7.13896
2.93936 7.1301
2.94642 7.12132
2.95347 7.11252
2.96064 7.10353
2.96772 7.09468
2.97488 7.08578
2.9819 7.07695
2.9887 7.06845
2.99606 7.05932
3.00332 7.05038
3.01035 7.04168
3.01728 7.03306
3.02478 7.02375
3.0319 7.01499
3.03902 7.00628
3.0461 6.99759
3.05315 6.98889
3.06021 6.98023
3.06749 6.97119
3.07462 6.96246
3.0817 6.95369
3.08888 6.94485
3.09576 6.93638
3.10313 6.92731
3.11025 6.91857
3.11741 6.90978
3.12427 6.90143
3.13183 6.89219
3.13875 6.88369
3.14576 6.87508
3.1532 6.86593
3.16016 6.85736
3.16715 6.84874
3.17505 6.83907
3.18381 6.82824
3.19588 6.81362
3.20928 6.79745
3.22522 6.77828
3.24327 6.7569
3.26469 6.73153
3.28805 6.70399
3.31144 6.67644
3.33888 6.64428
3.3682 6.61012
3.39669 6.57692
3.42856 6.53989
3.46223 6.50082
3.49548 6.4623
3.52977 6.42258
3.56617 6.38056
3.60414 6.3368
3.64093 6.29447
3.6792 6.25052
3.71579 6.20851
3.75662 6.16166
3.79361 6.11925
3.83464 6.07223
3.87494 6.02608
3.91521 5.97996
3.95375 5.93593
3.99499 5.88881
4.03389 5.8444
4.07629 5.79599
4.11713 5.74937
4.15764 5.70313
4.19707 5.65814
4.23822 5.61117
4.27904 5.56463
4.32031 5.51758
4.36017 5.47213
4.40126 5.4253
4.44401 5.37659
4.48377 5.3313
4.52583 5.28344
4.56594 5.23796
4.60726 5.19115
4.64635 5.1469
4.69245 5.09477
4.72761 5.05502
4.76742 5.01006
4.80978 4.96224
4.84909 4.9181
4.88846 4.87394
4.93014 4.82719
4.97055 4.78189
5.01004 4.73766
5.04886 4.69421
5.08995 4.64826
5.12957 4.604
5.1686 4.56066
5.20916 4.51566
5.24987 4.47058
5.28811 4.42828
5.32803 4.38413
5.36902 4.33881
5.40849 4.29522
5.44737 4.25247
5.48779 4.20816
5.52694 4.16532
5.56619 4.12239
5.60624 4.0786
5.6458 4.03539
5.68378 3.99393
5.72346 3.95067
5.76153 3.90929
5.80227 3.86516
5.84045 3.82386
5.87964 3.78143
5.91815 3.73988
5.95676 3.69828
5.99944 3.6524
6.03486 3.6144
6.07353 3.57324
6.11114 3.53302
6.14893 3.49267
6.18556 3.45365
6.22557 3.41092
6.26589 3.36782
6.30222 3.32896
6.33809 3.28962
6.37328 3.24942
6.4092 3.2083
6.44489 3.16774
6.4807 3.12695
6.51666 3.08614
6.55228 3.04581
6.57592 3.00889
6.5871 2.98144
6.59571 2.95626
6.60561 2.928
6.61621 2.89687
6.62682 2.86505
6.63823 2.83088
6.65043 2.79475
6.66571 2.75514
6.68115 2.71756
6.68995 2.6833
6.69689 2.65581
6.72308 2.61855
6.74272 2.58881
6.74454 2.56762
6.74641 2.54318
6.74842 2.51662
6.75064 2.48841
6.75334 2.45627
6.75668 2.42243
6.76133 2.38651
6.76748 2.34946
6.77444 2.30982
6.77546 2.27914
6.78813 2.23501
6.79462 2.20431
6.79695 2.17822
6.798 2.15114
6.79865 2.12158
6.79912 2.09037
6.79994 2.05587
6.80124 2.02021
6.80348 1.98279
6.80668 1.9445
6.80938 1.9052
6.81861 1.86562
6.82506 1.8214
6.82707 1.78693
6.82754 1.76004
6.82753 1.73066
6.82663 1.70171
6.82516 1.6708
6.82353 1.63803
6.82212 1.60449
6.82108 1.5687
6.82054 1.53254
6.81951 1.49566
6.82383 1.45929
6.82582 1.41795
6.8229 1.39117
6.81895 1.36912
6.81317 1.34914
6.80703 1.3307
6.79993 1.30962
6.79232 1.28708
6.78447 1.26323
6.77633 1.23786
6.76784 1.21016
6.75954 1.18165
6.75126 1.15176
6.7425 1.12475
6.74107 1.09534
6.73399 1.06711
6.72857 1.04923
6.72868 1.01393
6.72564 0.975609
6.71723 0.945557
6.69865 0.923555
6.68155 0.902969
6.66439 0.88182
6.64842 0.861124
6.63372 0.840742
6.61996 0.820469
6.60728 0.80054
6.595 0.779981
6.58408 0.760298
6.57468 0.740419
6.56668 0.718398
6.55767 0.700395
6.54809 0.687889
6.5383 0.670003
6.52878 0.645858
6.52039 0.639838
6.51312 0.6374
6.50625 0.634854
6.49979 0.632175
6.49403 0.62952
6.48808 0.626518
6.48227 0.623273
6.47642 0.619668
6.47091 0.615826
6.46574 0.611751
6.46072 0.607315
6.45373 0.600048
6.44934 0.594638
6.44559 0.589135
6.44185 0.583045
6.43839 0.577108
6.43497 0.57107
6.43182 0.565412
6.42832 0.559074
6.42502 0.553058
6.42173 0.547033
6.4184 0.540931
6.41515 0.534971
6.41185 0.52892
6.40856 0.522894
6.40528 0.516863
6.40204 0.510916
6.39873 0.504836
6.39539 0.498714
6.39214 0.492741
6.38887 0.486738
6.38551 0.480573
6.38405 0.477888
6.38862 0.481626
6.39711 0.488436
6.40557 0.495079
6.41429 0.501611
6.42313 0.508061
6.43325 0.515316
6.44704 0.524888
6.46285 0.535699
6.48307 0.549431
6.5045 0.563845
6.52933 0.580634
6.55559 0.598678
6.58329 0.617994
6.59777 0.633256
6.60267 0.646191
6.60842 0.661261
6.61586 0.680192
6.62455 0.701123
6.63519 0.725807
6.64711 0.752747
6.66187 0.783793
6.67767 0.816081
6.69394 0.847741
6.71395 0.884096
6.73618 0.922235
6.75814 0.95706
6.78145 0.992172
6.80233 1.02379
6.80319 1.03819
6.80355 1.05546
6.80396 1.07469
6.80483 1.09972
6.80625 1.126
6.80885 1.15658
6.81238 1.18904
6.81749 1.22613
6.82382 1.2653
6.83038 1.30433
6.83988 1.34739
6.85106 1.39778
6.85684 1.43955
6.85912 1.46805
6.8608 1.49681
6.86225 1.52724
6.86399 1.56079
6.86608 1.59835
6.8685 1.6355
6.87179 1.67964
6.87553 1.72253
6.88027 1.76822
6.88409 1.80942
6.88563 1.85105
6.89254 1.8994
6.89472 1.9427
6.89645 1.98342
6.89823 2.02607
6.90003 2.06848
6.90228 2.11333
6.90486 2.15902
6.90799 2.2071
6.91255 2.25873
6.9165 2.3109
6.91924 2.35954
6.92123 2.40241
6.92359 2.44645
6.92616 2.48985
6.92911 2.53777
6.93216 2.58464
6.93536 2.63314
6.93853 2.68108
6.94175 2.73186
6.94423 2.77882
6.94674 2.82667
6.94962 2.87583
6.95254 2.92814
6.95522 2.97828
6.95749 3.02639
6.95905 3.0732
6.96068 3.12136
6.96229 3.16892
6.96387 3.21678
6.96543 3.26402
6.96704 3.31349
6.96869 3.3647
6.97024 3.41394
6.97186 3.46544
6.97312 3.51518
6.9741 3.56141
6.97518 3.61237
6.97615 3.65841
6.97721 3.7087
6.97819 3.75553
6.97924 3.80565
6.98033 3.85838
6.98133 3.90657
6.9822 3.9559
6.98289 4.00162
6.98364 4.05052
6.98431 4.09418
6.98503 4.14232
6.98571 4.18734
6.98639 4.23303
6.9871 4.28088
6.98782 4.32924
6.98849 4.37605
6.98906 4.4197
6.98964 4.46122
6.99022 4.50222
6.99083 4.54411
6.99145 4.58602
6.99207 4.62668
6.99272 4.66885
6.99338 4.71056
6.99406 4.75382
6.99475 4.79678
6.99544 4.84021
6.99599 4.87535
6.99649 4.90814
6.99706 4.94246
6.99758 4.97541
6.99814 5.00678
6.99866 5.03912
6.99917 5.0689
6.99969 5.10044
7.00023 5.13383
7.0008 5.16698
7.00133 5.20085
7.00174 5.22911
7.00203 5.25609
7.00225 5.27592
7.00218 5.2825
7.00211 5.28956
7.00204 5.2965
7.00197 5.30333
7.0019 5.3102
7.00183 5.31729
7.00176 5.32414
7.00169 5.33118
7.00162 5.33814
7.00155 5.34523
7.00148 5.35309
7.00139 5.36137
7.00131 5.36985
7.00121 5.37915
7.00112 5.38876
7.00102 5.39845
