0.00756016 0.00666395
0.016439 0.0143378
0.0248269 0.0216063
0.0338359 0.0293709
0.0425583 0.0368789
0.0515124 0.0446156
0.0601695 0.0520992
0.0692314 0.059942
0.0803597 0.0696657
0.094067 0.0817378
0.110748 0.0965154
0.128687 0.112525
0.149962 0.131531
0.175013 0.154062
0.201783 0.178182
0.230543 0.204209
0.261152 0.231998
0.29346 0.2614
0.328267 0.293123
0.364259 0.326031
0.400397 0.359083
0.439695 0.395099
0.480166 0.432183
0.51965 0.468426
0.559569 0.50508
0.600675 0.542866
0.644798 0.583457
0.689288 0.624431
0.731052 0.662894
0.774783 0.703205
0.81986 0.744774
0.862199 0.783865
0.909405 0.827563
0.954748 0.869587
1.00046 0.912022
1.04655 0.954865
1.09259 0.997742
1.13789 1.03999
1.18487 1.08391
1.22907 1.12572
1.27473 1.16911
1.32011 1.21235
1.3629 1.25324
1.40832 1.29676
1.45381 1.34046
1.49704 1.3821
1.53996 1.42409
1.58063 1.46424
1.62298 1.50608
1.66717 1.54979
1.71046 1.59271
1.75073 1.63271
1.7934 1.67518
1.83797 1.71967
1.87976 1.76215
1.92063 1.8038
1.96016 1.84406
2.00412 1.88883
2.04531 1.9308
2.08577 1.97205
2.12835 2.01552
2.16954 2.05778
2.21116 2.10069
2.25367 2.14448
2.29441 2.18642
2.33568 2.22885
2.37832 2.27265
2.41965 2.31507
2.46331 2.35987
2.50572 2.40321
2.54966 2.44805
2.58949 2.4886
2.63319 2.53299
2.67571 2.57613
2.71801 2.61898
2.76397 2.66545
2.80409 2.70567
2.8463 2.7478
2.88822 2.78967
2.92946 2.83074
2.97146 2.87255
3.0139 2.9147
3.05633 2.95686
3.09741 2.99752
3.13925 3.03853
3.17992 3.07859
3.22054 3.11862
3.26193 3.15962
3.30279 3.19997
3.34484 3.24157
3.38691 3.2829
3.42816 3.32589
3.45423 3.36004
3.48295 3.39728
3.51223 3.43514
3.54296 3.47472
3.57404 3.51487
3.60513 3.55496
3.63123 3.59431
3.64508 3.62782
3.66502 3.66161
3.6821 3.70083
3.69376 3.73319
3.70277 3.76146
3.71244 3.79237
3.72289 3.82478
3.73447 3.85978
3.74619 3.89635
3.74908 3.92278
3.76954 3.96644
3.77791 3.99991
3.77761 4.02493
3.7928 4.06384
3.80636 4.09475
3.80642 4.11654
3.80653 4.14136
3.8066 4.16956
3.80683 4.19905
3.80765 4.23306
3.8091 4.26892
3.81158 4.30951
3.81357 4.34615
3.82135 4.38756
3.82699 4.43632
3.82674 4.4715
3.82407 4.49398
3.82101 4.51607
3.81656 4.54196
3.81188 4.56732
3.80655 4.5962
3.80077 4.62805
3.79488 4.66222
3.78873 4.70079
3.78347 4.73901
3.77872 4.78265
3.77212 4.81908
3.76524 4.85289
3.76282 4.89193
3.75704 4.91655
3.74918 4.93591
3.73927 4.95757
3.72855 4.98075
3.71683 5.00636
3.70409 5.0348
3.69088 5.0653
3.67739 5.09787
3.66425 5.13271
3.65159 5.16992
3.63926 5.20946
3.62809 5.23961
3.61745 5.2809
3.60618 5.32674
3.59534 5.3674
3.58446 5.40682
3.57468 5.4333
3.56452 5.46086
3.55366 5.49082
3.5431 5.52017
3.53171 5.55172
3.51907 5.58667
3.50722 5.61917
3.49418 5.65456
3.48038 5.6915
3.46646 5.72833
3.45175 5.76685
3.43706 5.80484
3.42273 5.84024
3.4083 5.875
3.39405 5.90922
3.37965 5.94395
3.36485 5.97969
3.3504 6.01461
3.33595 6.04969
3.32104 6.08601
3.30618 6.1223
3.29042 6.16096
3.27498 6.19899
3.25883 6.2389
3.24546 6.2718
3.23275 6.30313
3.2199 6.33495
3.20743 6.36596
3.1951 6.39676
3.18273 6.42779
3.17061 6.45826
3.15839 6.48909
3.1462 6.51993
3.13395 6.55093
3.12111 6.58353
3.10846 6.61571
3.09507 6.64985
3.08413 6.67779
3.07618 6.69816
3.06862 6.71753
3.06146 6.7359
3.05456 6.75362
3.04788 6.77079
3.04165 6.78684
3.03566 6.80223
3.03031 6.81601
3.02465 6.83061
3.01942 6.84409
3.01446 6.85688
3.00955 6.86958
3.00439 6.8829
2.99939 6.89581
2.994 6.90974
2.98857 6.92378
2.98275 6.93882
2.97677 6.95432
2.97077 6.96985
2.96386 6.98774
2.95681 7.00601
2.94962 7.02465
2.94672 7.03217
2.94424 7.0386
2.94177 7.04502
2.93928 7.05149
2.93679 7.05793
2.93431 7.06437
2.93185 7.07077
2.92934 7.07729
2.92668 7.0842
2.92439 7.09015
2.92189 7.09663
2.91942 7.10307
2.91693 7.10953
2.91441 7.11607
2.91197 7.12243
2.90947 7.12891
2.90708 7.13513
2.90454 7.14174
2.90202 7.14828
2.89959 7.15462
2.89705 7.16123
2.89461 7.16757
2.89215 7.17398
2.88965 7.18047
2.88716 7.18696
2.88466 7.19345
2.89075 7.18644
2.8976 7.17719
2.90446 7.16818
2.91121 7.15936
2.91827 7.1503
2.92524 7.14139
2.93221 7.13254
2.93933 7.12359
2.94634 7.11472
2.95338 7.10578
2.96039 7.09689
2.96739 7.08798
2.97446 7.07907
2.98156 7.07009
2.98829 7.0615
2.99562 7.05217
3.00268 7.04326
3.00975 7.0344
3.01646 7.02592
3.02357 7.01695
3.03092 7.0077
3.03799 6.99882
3.04502 6.99005
3.05191 6.98139
3.05885 6.97265
3.0662 6.96339
3.07296 6.95498
3.08038 6.94567
3.08703 6.93734
3.09414 6.92845
3.10156 6.91915
3.10834 6.91075
3.11571 6.90156
3.12283 6.89269
3.1299 6.88381
3.13657 6.87555
3.144 6.86624
3.1511 6.85735
3.15767 6.84911
3.16505 6.83988
3.17236 6.83071
3.18114 6.81988
3.19179 6.80672
3.20518 6.79034
3.22158 6.77047
3.23917 6.74926
3.25966 6.72467
3.28217 6.69777
3.30557 6.66987
3.33128 6.63927
3.35931 6.60616
3.38866 6.57158
3.42118 6.53342
3.45265 6.49658
3.48709 6.45626
3.52084 6.41684
3.55728 6.37433
3.59278 6.33301
3.62992 6.28986
3.66862 6.24507
3.70605 6.20182
3.74596 6.15571
3.7848 6.11089
3.82458 6.06502
3.86363 6.02003
3.90319 5.97449
3.9449 5.9266
3.98433 5.8814
4.02606 5.83356
4.06581 5.788
4.10635 5.74152
4.14714 5.69476
4.18841 5.64745
4.22904 5.60087
4.27117 5.55259
4.31119 5.50672
4.35144 5.46057
4.39377 5.41205
4.43318 5.36688
4.47344 5.32077
4.51528 5.27286
4.55545 5.22705
4.59588 5.18103
4.63583 5.13563
4.67797 5.08783
4.71636 5.04434
4.7588 4.99634
4.79973 4.9501
4.83863 4.90657
4.8787 4.86179
4.91696 4.81905
4.95768 4.77361
4.99874 4.72784
5.03841 4.68366
5.08091 4.6364
5.11827 4.59503
5.15771 4.55163
5.19732 4.50807
5.2371 4.46435
5.27658 4.42101
5.31637 4.37737
5.35647 4.33339
5.39639 4.28963
5.43496 4.24765
5.47467 4.20454
5.51352 4.16243
5.55161 4.12125
5.5924 4.07715
5.63317 4.03312
5.66989 3.99347
5.71152 3.94854
5.74846 3.90903
5.78878 3.86591
5.82783 3.82422
5.86595 3.78367
5.90475 3.74242
5.94416 3.70054
5.9849 3.65727
6.02172 3.61836
6.05809 3.58031
6.09747 3.53891
6.13578 3.4986
6.17313 3.45928
6.21137 3.41906
6.24824 3.38039
6.28804 3.33843
6.32771 3.29669
6.36085 3.25895
6.39656 3.21815
6.43184 3.17778
6.46738 3.13736
6.50237 3.09767
6.53758 3.0577
6.56909 3.01777
6.58644 2.98463
6.60687 2.95129
6.62396 2.91509
6.63463 2.88475
6.64331 2.85773
6.65242 2.82858
6.66207 2.79811
6.6733 2.76604
6.68753 2.72785
6.7015 2.69202
6.70894 2.66089
6.73073 2.61759
6.74138 2.58875
6.74604 2.56384
6.74831 2.54086
6.75058 2.51452
6.75297 2.48604
6.75567 2.45613
6.75918 2.42152
6.76389 2.38574
6.77015 2.348
6.77822 2.30787
6.77985 2.27584
6.77962 2.25046
6.79413 2.20752
6.81364 2.16737
6.82604 2.12943
6.82563 2.10706
6.8251 2.07985
6.82458 2.05148
6.82432 2.02068
6.82439 1.98772
6.82493 1.95292
6.82637 1.9162
6.82874 1.8782
6.82795 1.84637
6.83129 1.80534
6.83395 1.77288
6.83559 1.74049
6.83504 1.71316
6.83311 1.68315
6.83088 1.65103
6.82853 1.61855
6.82641 1.58615
6.82459 1.55101
6.82337 1.51577
6.82041 1.48368
6.82313 1.44576
6.82448 1.4069
6.82252 1.3756
6.81836 1.35335
6.81264 1.3347
6.80606 1.31674
6.79921 1.29855
6.79092 1.27642
6.78254 1.25365
6.77407 1.22991
6.76559 1.20551
6.75674 1.17901
6.748 1.1515
6.73831 1.12366
6.73574 1.09567
6.72887 1.06521
6.72773 1.03857
6.72823 1.00448
6.7251 0.967566
6.71901 0.935734
6.70049 0.914374
6.68286 0.893694
6.66641 0.873871
6.65121 0.854671
6.63576 0.833989
6.62151 0.81379
6.6089 0.794807
6.59715 0.77587
6.58607 0.756872
6.57562 0.73943
6.56731 0.718149
6.55924 0.696363
6.54938 0.682522
6.5427 0.663949
6.53504 0.651987
6.52694 0.647177
6.51807 0.634517
6.51097 0.632535
6.50468 0.630491
6.49848 0.628227
6.49231 0.625707
6.4866 0.623084
6.48046 0.619903
6.47443 0.617186
6.46881 0.613685
6.46337 0.609601
6.458 0.605654
6.45095 0.598326
6.44661 0.593027
6.44283 0.587291
6.43931 0.581409
6.43589 0.57542
6.4325 0.569396
6.42919 0.563367
6.42593 0.557389
6.42258 0.551218
6.41931 0.545178
6.41599 0.53904
6.41276 0.533055
6.4095 0.527016
6.40621 0.520925
6.40301 0.514983
6.39963 0.508725
6.39639 0.502713
6.39314 0.496704
6.38986 0.49061
6.38654 0.48447
6.38344 0.478719
6.38001 0.472353
6.37866 0.46986
6.38628 0.475546
6.39517 0.482299
6.40372 0.488354
6.41329 0.49484
6.42399 0.50181
6.43884 0.510876
6.4584 0.52255
6.47983 0.535233
6.50309 0.549047
6.53028 0.565482
6.55682 0.581919
6.58344 0.59896
6.60201 0.614806
6.6108 0.629403
6.61971 0.645081
6.62969 0.663352
6.64076 0.68412
6.65288 0.706605
6.66653 0.731228
6.68246 0.758998
6.70033 0.789188
6.71969 0.820568
6.73984 0.851675
6.763 0.885947
6.7855 0.917309
6.80904 0.94936
6.83358 0.983081
6.84689 1.00758
6.85176 1.02891
6.85646 1.05255
6.86137 1.07831
6.86655 1.10499
6.87278 1.13577
6.87965 1.16795
6.88741 1.20226
6.8962 1.23956
6.90417 1.27535
6.91928 1.32325
6.93377 1.36926
6.94302 1.40822
6.94954 1.43954
6.95583 1.46942
6.96212 1.50417
6.96727 1.5383
6.9724 1.57644
6.97728 1.61414
6.98287 1.65725
6.98846 1.69845
6.99438 1.7413
6.99842 1.7815
7.00482 1.82079
7.01252 1.86734
7.01833 1.91002
7.0234 1.95162
7.02811 1.99408
7.03228 2.03469
7.03649 2.07962
7.04032 2.12356
7.04145 2.16085
7.04214 2.19835
7.04283 2.23961
7.04351 2.27966
7.04427 2.32518
7.045 2.36691
7.0458 2.41202
7.04666 2.45901
7.04735 2.50677
7.04778 2.54991
7.04851 2.59476
7.0503 2.64498
7.05172 2.69291
7.05282 2.73894
7.05382 2.78911
7.05402 2.83321
7.05314 2.87909
7.05232 2.92397
7.05151 2.96909
7.05073 3.01335
7.0499 3.06056
7.04911 3.10859
7.04838 3.159
7.04769 3.20615
7.04699 3.25623
7.04566 3.30368
7.04407 3.35018
7.04253 3.3971
7.04117 3.44204
7.03973 3.49105
7.03844 3.53902
7.0372 3.58834
7.03605 3.63691
7.03496 3.68477
7.03383 3.73656
7.03245 3.78044
7.03096 3.8291
7.02964 3.8759
7.02842 3.92268
7.02728 3.96964
7.02626 4.01497
7.02524 4.0639
7.02431 4.11286
7.02347 4.16271
7.02271 4.20556
7.02189 4.25261
7.02115 4.29652
7.02046 4.34053
7.0198 4.38453
7.01919 4.42753
7.01859 4.47178
7.01803 4.51423
7.01747 4.5596
7.0169 4.60762
7.01642 4.64745
7.01597 4.68696
7.01554 4.72624
7.01516 4.7635
7.01482 4.79919
7.01447 4.83716
7.01415 4.87272
7.0138 4.91148
7.01349 4.9488
7.01318 4.98771
7.01291 5.02697
7.01282 5.05621
7.01266 5.08653
7.0125 5.11425
7.01231 5.14418
7.01216 5.16807
7.01201 5.19356
7.01187 5.21808
7.01173 5.24239
7.01158 5.26619
7.01141 5.29384
7.01127 5.31823
7.01121 5.32824
7.01083 5.33546
7.01039 5.34216
7.00992 5.34928
7.00949 5.35583
7.00901 5.36308
7.00856 5.37001
7.0081 5.37686
7.00767 5.38352
7.0072 5.3906
7.00676 5.39724
7.00628 5.40461
7.00583 5.41139
7.00537 5.41844
