0.0668729 0.0304811
0.0763494 0.0488135
0.0859984 0.0681131
0.0987796 0.0918361
0.113562 0.11909
0.127821 0.147988
0.144493 0.183905
0.162588 0.223779
0.180319 0.261549
0.19876 0.300782
0.218068 0.343411
0.242987 0.40012
0.262243 0.444341
0.288773 0.504666
0.309014 0.550791
0.331453 0.602793
0.351407 0.649627
0.376775 0.70921
0.397804 0.75865
0.423164 0.818131
0.445805 0.871327
0.470162 0.928834
0.493658 0.984376
0.516573 1.03853
0.540257 1.09453
0.564053 1.15071
0.589521 1.2107
0.613597 1.26729
0.634652 1.31657
0.657237 1.36923
0.682927 1.42876
0.709301 1.48945
0.73338 1.54439
0.759865 1.60412
0.779302 1.64772
0.808186 1.71208
0.829366 1.75905
0.856741 1.81941
0.880618 1.8718
0.907497 1.93046
0.926543 1.96952
0.951821 2.02094
0.979982 2.07792
1.00267 2.12377
1.0274 2.17374
1.05254 2.22443
1.07711 2.27386
1.10374 2.32697
1.12684 2.37035
1.15362 2.42028
1.17923 2.46799
1.2067 2.5193
1.23426 2.57073
1.25749 2.61415
1.28524 2.66605
1.3127 2.71702
1.34823 2.78036
1.36606 2.81212
1.40026 2.87319
1.41922 2.90708
1.44999 2.96221
1.47588 3.00867
1.50678 3.0641
1.53158 3.1084
1.56169 3.16097
1.58854 3.20781
1.6215 3.26549
1.64236 3.30196
1.66911 3.34887
1.70132 3.40554
1.7268 3.45034
1.75524 3.50023
1.78164 3.54613
1.80893 3.59351
1.83573 3.64003
1.85762 3.67812
1.87452 3.70761
1.91942 3.78404
1.94557 3.82877
1.97676 3.88232
2.00489 3.93125
2.0318 3.97909
2.06083 4.02925
2.08705 4.07488
2.11018 4.11445
2.14163 4.16934
2.16709 4.21351
2.19675 4.26544
2.20942 4.31067
2.21329 4.34518
2.21277 4.3819
2.21483 4.41177
2.2175 4.44576
2.21942 4.46917
2.22557 4.51262
2.23163 4.55499
2.23941 4.60123
2.24683 4.63928
2.26144 4.6885
2.27744 4.73432
2.29421 4.7836
2.30733 4.82314
2.32482 4.87564
2.34228 4.92861
2.35562 4.96903
2.36999 5.0139
2.38568 5.06265
2.40438 5.12018
2.4158 5.1552
2.43124 5.20248
2.44681 5.2501
2.4589 5.28704
2.47556 5.33781
2.49214 5.38826
2.50478 5.42668
2.52271 5.48108
2.53618 5.52188
2.54911 5.56097
2.5627 5.60204
2.57737 5.64631
2.58996 5.68429
2.60501 5.7296
2.61734 5.76673
2.63128 5.80866
2.64411 5.84721
2.66062 5.89679
2.6731 5.93423
2.68454 5.96856
2.6956 6.0017
2.70848 6.04028
2.71762 6.06764
2.72964 6.10361
2.7412 6.1382
2.75214 6.17091
2.76419 6.20692
2.77472 6.23838
2.78777 6.27737
2.79964 6.3128
2.80848 6.3392
2.81714 6.36506
2.82524 6.38922
2.83363 6.41425
2.84052 6.43479
2.84916 6.46055
2.85484 6.47748
2.86251 6.50035
2.86926 6.52046
2.87476 6.53687
2.88193 6.55822
2.8883 6.5772
2.89538 6.59828
2.90338 6.62211
2.9106 6.64361
2.91923 6.6693
2.9293 6.69929
2.93089 6.70402
2.93375 6.71254
2.9359 6.71894
2.93838 6.72632
2.94104 6.73424
2.94281 6.73951
2.94515 6.74647
2.9471 6.75228
2.94893 6.75772
2.95138 6.765
2.95326 6.77058
2.95535 6.7768
2.95768 6.78374
2.95985 6.7902
2.96189 6.79626
2.96404 6.80267
2.96613 6.80888
2.96866 6.81642
2.97039 6.82155
2.97228 6.82717
2.97477 6.83459
2.97677 6.84051
2.97885 6.84672
2.98098 6.85304
2.98292 6.85883
2.98521 6.86564
2.98742 6.8722
2.9895 6.8784
2.99164 6.88475
2.99346 6.89015
2.99607 6.89793
2.99768 6.90272
3.00002 6.90966
3.00217 6.91607
3.00451 6.92303
3.00645 6.92877
3.00858 6.93512
3.01048 6.94077
3.01272 6.94741
3.01542 6.95543
3.01829 6.96397
3.01922 6.96673
3.02121 6.97262
3.02346 6.97932
3.02543 6.98516
3.02731 6.99077
3.03441 6.97669
3.0443 6.95439
3.05044 6.93977
3.0612 6.91451
3.06647 6.90165
3.07366 6.885
3.08275 6.86416
3.08935 6.84854
3.09902 6.82602
3.1052 6.81086
3.11507 6.78806
3.12075 6.7749
3.12929 6.75503
3.13787 6.73493
3.14532 6.71742
3.1519 6.70241
3.16038 6.68268
3.1679 6.66499
3.17759 6.64232
3.18361 6.62846
3.19123 6.61118
3.19952 6.59181
3.20737 6.57368
3.21634 6.55278
3.2234 6.5362
3.23215 6.51645
3.23927 6.50031
3.24752 6.4818
3.25446 6.46576
3.26329 6.44595
3.27259 6.42531
3.28005 6.4087
3.28758 6.39219
3.2973 6.37123
3.30467 6.35447
3.3143 6.33328
3.32691 6.30669
3.34329 6.27285
3.35787 6.24312
3.37718 6.20401
3.39137 6.17501
3.41008 6.13789
3.43566 6.0888
3.45786 6.04636
3.4808 6.00258
3.50356 5.95911
3.52981 5.90847
3.55671 5.85419
3.57952 5.80752
3.59806 5.76943
3.62297 5.718
3.64993 5.66181
3.67048 5.61869
3.70131 5.55369
3.72583 5.50173
3.74898 5.4517
3.76848 5.40734
3.79128 5.3551
3.81179 5.30797
3.83711 5.24972
3.86182 5.19293
3.88493 5.13976
3.90686 5.0886
3.93147 5.02843
3.94606 4.99255
3.96935 4.93562
3.98914 4.88717
4.01072 4.8344
4.03115 4.7844
4.05587 4.72397
4.07547 4.67602
4.0979 4.61851
4.11533 4.5736
4.13843 4.51412
4.15907 4.46117
4.17825 4.41199
4.20128 4.35294
4.22021 4.30436
4.24126 4.24998
4.26024 4.19933
4.28269 4.13924
4.30552 4.07803
4.31986 4.03966
4.34682 3.96793
4.3594 3.93442
4.38028 3.87884
4.40127 3.82278
4.42679 3.75311
4.44083 3.71459
4.45901 3.66474
4.48055 3.6056
4.49878 3.55556
4.5171 3.50521
4.53786 3.4481
4.5575 3.39395
4.57282 3.35106
4.59359 3.2925
4.61357 3.23641
4.63245 3.18291
4.64795 3.1397
4.66857 3.08173
4.68889 3.0247
4.70171 2.98834
4.72608 2.91905
4.74208 2.87645
4.75772 2.83143
4.77976 2.7687
4.79407 2.72714
4.812 2.67877
4.83247 2.61996
4.85838 2.55435
4.87014 2.53163
4.89068 2.49532
4.91528 2.45364
4.94081 2.41459
4.95878 2.37924
4.98292 2.34074
5.01017 2.29279
5.03217 2.2565
5.06208 2.22884
5.08298 2.20941
5.10212 2.19887
5.1195 2.19633
5.14451 2.17934
5.18048 2.16351
5.19489 2.15405
5.22327 2.1387
5.2531 2.12115
5.28614 2.09922
5.31968 2.07829
5.36008 2.04761
5.38646 2.02625
5.42102 1.99501
5.45535 1.95759
5.46094 1.9358
5.46239 1.91422
5.46207 1.89182
5.46837 1.86181
5.47726 1.82685
5.47732 1.80452
5.48964 1.76819
5.49747 1.73246
5.51361 1.68287
5.5106 1.66054
5.51806 1.62785
5.52258 1.59558
5.52462 1.57325
5.52457 1.55569
5.53138 1.50545
5.54186 1.47456
5.55442 1.43928
5.57111 1.39701
5.58581 1.35973
5.60096 1.32359
5.61661 1.28396
5.62844 1.25523
5.64619 1.20943
5.66208 1.1818
5.68119 1.16094
5.69699 1.13272
5.71643 1.11101
5.73259 1.09635
5.74977 1.08104
5.76301 1.06862
5.77804 1.05359
5.79416 1.03672
5.80856 1.02197
5.82949 1.00114
5.84976 0.981751
5.86252 0.9698
5.8825 0.951098
5.90405 0.931163
5.92633 0.910313
5.94819 0.889735
5.97208 0.866989
5.99779 0.84219
6.01859 0.82168
6.04714 0.793204
6.06252 0.777824
6.08 0.760001
6.09753 0.741797
6.11169 0.72694
6.12673 0.710948
6.14122 0.69538
6.1556 0.679783
6.17223 0.661582
6.18282 0.649886
6.19332 0.638217
6.21369 0.615419
6.21851 0.61
6.23177 0.595004
6.24698 0.577716
6.26062 0.56212
6.27286 0.54805
6.29037 0.52784
6.30218 0.514134
6.30632 0.509319
6.31097 0.503898
6.31595 0.498069
6.31939 0.494054
6.32369 0.489017
6.32853 0.48335
6.33233 0.478892
6.33682 0.473616
6.34094 0.468764
6.34547 0.463443
6.35006 0.458029
6.3541 0.453261
6.35852 0.448056
6.36252 0.443324
6.36714 0.437865
6.37156 0.432628
6.37565 0.427788
6.38039 0.422167
6.38471 0.417046
6.3881 0.413018
6.39269 0.407561
6.39719 0.402205
6.40188 0.396628
6.4058 0.391956
6.41008 0.386858
6.41402 0.382159
6.41888 0.376363
6.42282 0.371657
6.42671 0.367007
6.43131 0.3615
6.43592 0.355987
6.4423 0.356495
6.44908 0.357811
6.45602 0.359105
6.46198 0.360184
6.46794 0.36125
6.47506 0.362518
6.48243 0.363829
6.48837 0.364885
6.49497 0.366058
6.50366 0.367604
6.50389 0.370189
6.5049 0.386394
6.50527 0.405459
6.50581 0.423939
6.50665 0.447033
6.50717 0.463624
6.50734 0.480748
6.50766 0.502038
6.50787 0.521914
6.50831 0.542985
6.50858 0.559589
6.5084 0.582568
6.50831 0.596279
6.50844 0.618443
6.50868 0.639867
6.50879 0.655893
6.50888 0.674121
6.50899 0.693367
6.50965 0.714176
6.51144 0.732815
6.51661 0.751881
6.52561 0.768055
6.53499 0.782516
6.54753 0.803344
6.55549 0.817736
6.56412 0.834357
6.57158 0.849568
6.58034 0.868073
6.58819 0.885171
6.59604 0.902529
6.60353 0.919315
6.61249 0.939477
6.6223 0.96142
6.62918 0.976846
6.64331 1.00744
6.65373 1.03011
6.66592 1.05944
6.66998 1.08798
6.67394 1.11887
6.67837 1.15132
6.68356 1.18443
6.69332 1.23755
6.70157 1.27775
6.70991 1.31467
6.71286 1.36459
6.71143 1.39727
6.71359 1.43839
6.72352 1.48378
6.72759 1.52612
6.72963 1.57049
6.73085 1.60996
6.73349 1.66144
6.73661 1.69893
6.74155 1.74944
6.74689 1.80533
6.75173 1.85854
6.7555 1.90127
6.75951 1.95193
6.76119 1.99565
6.76335 2.05367
6.76523 2.09874
6.76738 2.14479
6.77002 2.20004
6.7728 2.25391
6.77537 2.30168
6.7788 2.36335
6.78127 2.40955
6.7836 2.4598
6.78643 2.5193
6.78919 2.57354
6.79206 2.62931
6.79473 2.68003
6.79739 2.72966
6.80044 2.78551
6.80291 2.83069
6.80633 2.89379
6.80892 2.94098
6.8119 2.99492
6.81543 3.05806
6.81776 3.09916
6.8212 3.1598
6.8244 3.21577
6.82726 3.26573
6.83054 3.32262
6.83323 3.36929
6.83651 3.42619
6.8401 3.48863
6.84238 3.52833
6.84533 3.57971
6.84872 3.63895
6.85146 3.68692
6.85434 3.73742
6.8571 3.78618
6.85968 3.83191
6.86266 3.8843
6.86569 3.93732
6.86881 3.99133
6.87128 4.03359
6.87417 4.08238
6.87685 4.12705
6.87944 4.16961
6.8835 4.23033
6.88655 4.27489
6.88931 4.31472
6.89254 4.36131
6.896 4.41139
6.89911 4.45609
6.90235 4.50246
6.90486 4.53832
6.90896 4.59698
6.91175 4.63712
6.91469 4.67927
6.91768 4.72268
6.92005 4.75779
6.92291 4.80037
6.92589 4.8454
6.92826 4.88155
6.93081 4.92084
6.9339 4.96888
6.93619 5.00503
6.93934 5.0551
6.94117 5.08654
6.9428 5.11286
6.94507 5.14714
6.94731 5.17954
6.94953 5.21224
6.9513 5.23672
6.95355 5.26725
6.95578 5.2975
6.9579 5.32674
6.95991 5.35521
6.96195 5.38499
6.96422 5.42005
6.96616 5.44889
6.96818 5.47946
6.96983 5.50613
6.97099 5.52249
6.97228 5.54083
6.97369 5.55904
6.97479 5.57272
6.97585 5.59027
6.97704 5.60486
6.9781 5.61913
6.97901 5.63161
6.97987 5.64493
6.98036 5.65691
6.9811 5.66746
6.98209 5.68182
6.98278 5.69151
6.98351 5.70321
6.9847 5.71722
6.98574 5.73155
6.98658 5.74815
6.98746 5.75918
6.98677 5.76541
6.98596 5.77283
6.98526 5.7794
6.9846 5.78564
6.98399 5.79156
6.98319 5.79929
6.98243 5.80663
6.98188 5.81204
6.98128 5.81786
6.98058 5.82481
6.9799 5.83148
6.97923 5.83799
6.97857 5.84445
6.97789 5.85105
6.9771 5.85867
6.97646 5.86486
6.97578 5.87122
6.97507 5.87796
6.97437 5.88451
6.97361 5.8916
6.97292 5.89797
6.97226 5.90404
6.97156 5.91032
6.97084 5.91692
